2 0.5 0.5 2 1 0
1.998 0.5 0.5 2 1 0
1.997 0.5 0.5 2 1 0
1.996 0.5 0.5 2 1 0
1.995 0.5 0.5 2 1 0
1.994 0.5 0.5 2 1 0
1.993 0.5 0.5 2 1 0
1.992 0.5 0.5 2 1 0
1.991 0.5 0.5 2 1 0
1.99 0.5 0.5 2 1 0
1.989 0.5 0.5 2 1 0
1.988 0.5 0.5 2 1 0
1.987 0.5 0.5 2 1 0
1.986 0.5 0.5 2 1 0
1.985 0.5 0.5 2 1 0
1.984 0.5 0.5 2 1 0
1.983 0.5 0.5 2 1 0
1.982 0.5 0.5 2 1 0
1.981 0.5 0.5 2 1 0
1.98 0.5 0.5 2 1 0
1.979 0.5 0.5 2 1 0
1.978 0.5 0.5 2 1 0
1.977 0.5 0.5 2 1 0
1.976 0.5 0.5 2 1 0
1.975 0.5 0.5 2 1 0
1.974 0.5 0.5 2 1 0
1.973 0.5 0.5 2 1 0
1.972 0.5 0.5 2 1 0
1.971 0.5 0.5 2 1 0
1.97 0.5 0.5 2 1 0
1.969 0.5 0.5 2 1 0
1.968 0.5 0.5 2 1 0
1.967 0.5 0.5 2 1 0
1.966 0.5 0.5 2 1 0
1.965 0.5 0.5 2 1 0
1.964 0.5 0.5 2 1 0
1.963 0.5 0.5 2 1 0
1.962 0.5 0.5 2 1 0
1.961 0.5 0.5 2 1 0
1.96 0.5 0.5 2 1 0
1.959 0.5 0.5 2 1 0
1.958 0.5 0.5 2 1 0
1.957 0.5 0.5 2 1 0
1.956 0.5 0.5 2 1 0
1.955 0.5 0.5 2 1 0
1.954 0.5 0.5 2 1 0
1.953 0.5 0.5 2 1 0
1.952 0.5 0.5 2 1 0
1.951 0.5 0.5 2 1 0
1.95 0.5 0.5 2 1 0
1.949 0.5 0.5 2 1 0
1.948 0.5 0.5 2 1 0
1.947 0.5 0.5 2 1 0
1.946 0.5 0.5 2 1 0
1.945 0.5 0.5 2 1 0
1.944 0.5 0.5 2 1 0
1.943 0.5 0.5 2 1 0
1.942 0.5 0.5 2 1 0
1.941 0.5 0.5 2 1 0
1.94 0.5 0.5 2 1 0
1.939 0.5 0.5 2 1 0
1.938 0.5 0.5 2 1 0
1.937 0.5 0.5 2 1 0
1.936 0.5 0.5 2 1 0
1.935 0.5 0.5 2 1 0
1.934 0.5 0.5 2 1 0
1.933 0.5 0.5 2 1 0
1.932 0.5 0.5 2 1 0
1.931 0.5 0.5 2 1 0
1.93 0.5 0.5 2 1 0
1.929 0.5 0.5 2 1 0
1.928 0.5 0.5 2 1 0
1.927 0.5 0.5 2 1 0
1.926 0.5 0.5 2 1 0
1.925 0.5 0.5 2 1 0
1.924 0.5 0.5 2 1 0
1.923 0.5 0.5 2 1 0
1.922 0.5 0.5 2 1 0
1.921 0.5 0.5 2 1 0
1.92 0.5 0.5 2 1 0
1.919 0.5 0.5 2 1 0
1.918 0.5 0.5 2 1 0
1.917 0.5 0.5 2 1 0
1.916 0.5 0.5 2 1 0
1.915 0.5 0.5 2 1 0
1.914 0.5 0.5 2 1 0
1.913 0.5 0.5 2 1 0
1.912 0.5 0.5 2 1 0
1.911 0.5 0.5 2 1 0
1.91 0.5 0.5 2 1 0
1.909 0.5 0.5 2 1 0
1.908 0.5 0.5 2 1 0
1.907 0.5 0.5 2 1 0
1.906 0.5 0.5 2 1 0
1.905 0.5 0.5 2 1 0
1.904 0.5 0.5 2 1 0
1.903 0.5 0.5 2 1 0
1.902 0.5 0.5 2 1 0
1.901 0.5 0.5 2 1 0
1.9 0.5 0.5 2 1 0
1.899 0.5 0.5 2 1 0
1.898 0.5 0.5 2 1 0
1.897 0.5 0.5 2 1 0
1.896 0.5 0.5 2 1 0
1.895 0.5 0.5 2 1 0
1.894 0.5 0.5 2 1 0
1.893 0.5 0.5 2 1 0
1.892 0.5 0.5 2 1 0
1.891 0.5 0.5 2 1 0
1.89 0.5 0.5 2 1 0
1.889 0.5 0.5 2 1 0
1.888 0.5 0.5 2 1 0
1.887 0.5 0.5 2 1 0
1.886 0.5 0.5 2 1 0
1.885 0.5 0.5 2 1 0
1.884 0.5 0.5 2 1 0
1.883 0.5 0.5 2 1 0
1.882 0.5 0.5 2 1 0
1.881 0.5 0.5 2 1 0
1.88 0.5 0.5 2 1 0
1.879 0.5 0.5 2 1 0
1.878 0.5 0.5 2 1 0
1.877 0.5 0.5 2 1 0
1.876 0.5 0.5 2 1 0
1.875 0.5 0.5 2 1 0
1.874 0.5 0.5 2 1 0
1.873 0.5 0.5 2 1 0
1.872 0.5 0.5 2 1 0
1.871 0.5 0.5 2 1 0
1.87 0.5 0.5 2 1 0
1.869 0.5 0.5 2 1 0
1.868 0.5 0.5 2 1 0
1.867 0.5 0.5 2 1 0
1.866 0.5 0.5 2 1 0
1.865 0.5 0.5 2 1 0
1.864 0.5 0.5 2 1 0
1.863 0.5 0.5 2 1 0
1.862 0.5 0.5 2 1 0
1.861 0.5 0.5 2 1 0
1.86 0.5 0.5 2 1 0
1.859 0.5 0.5 2 1 0
1.858 0.5 0.5 2 1 0
1.857 0.5 0.5 2 1 0
1.856 0.5 0.5 2 1 0
1.855 0.5 0.5 2 1 0
1.854 0.5 0.5 2 1 0
1.853 0.5 0.5 2 1 0
1.852 0.5 0.5 2 1 0
1.851 0.5 0.5 2 1 0
1.85 0.5 0.5 2 1 0
1.849 0.5 0.5 2 1 0
1.848 0.5 0.5 2 1 0
1.847 0.5 0.5 2 1 0
1.846 0.5 0.5 2 1 0
1.845 0.5 0.5 2 1 0
1.844 0.5 0.5 2 1 0
1.843 0.5 0.5 2 1 0
1.842 0.5 0.5 2 1 0
1.841 0.5 0.5 2 1 0
1.84 0.5 0.5 2 1 0
1.839 0.5 0.5 2 1 0
1.838 0.5 0.5 2 1 0
1.837 0.5 0.5 2 1 0
1.836 0.5 0.5 2 1 0
1.835 0.5 0.5 2 1 0
1.834 0.5 0.5 2 1 0
1.833 0.5 0.5 2 1 0
1.832 0.5 0.5 2 1 0
1.831 0.5 0.5 2 1 0
1.83 0.5 0.5 2 1 0
1.829 0.5 0.5 2 1 0
1.828 0.5 0.5 2 1 0
1.827 0.5 0.5 2 1 0
1.826 0.5 0.5 2 1 0
1.825 0.5 0.5 2 1 0
1.824 0.5 0.5 2 1 0
1.823 0.5 0.5 2 1 0
1.822 0.5 0.5 2 1 0
1.821 0.5 0.5 2 1 0
1.82 0.5 0.5 2 1 0
1.819 0.5 0.5 2 1 0
1.818 0.5 0.5 2 1 0
1.817 0.5 0.5 2 1 0
1.816 0.5 0.5 2 1 0
1.815 0.5 0.5 2 1 0
1.814 0.5 0.5 2 1 0
1.813 0.5 0.5 2 1 0
1.812 0.5 0.5 2 1 0
1.811 0.5 0.5 2 1 0
1.81 0.5 0.5 2 1 0
1.809 0.5 0.5 2 1 0
1.808 0.5 0.5 2 1 0
1.807 0.5 0.5 2 1 0
1.806 0.5 0.5 2 1 0
1.805 0.5 0.5 2 1 0
1.804 0.5 0.5 2 1 0
1.803 0.5 0.5 2 1 0
1.802 0.5 0.5 2 1 0
1.801 0.5 0.5 2 1 0
1.8 0.5 0.5 2 1 0
1.799 0.5 0.5 2 1 0
1.798 0.5 0.5 2 1 0
1.797 0.5 0.5 2 1 0
1.796 0.5 0.5 2 1 0
1.795 0.5 0.5 2 1 0
1.794 0.5 0.5 2 1 0
1.793 0.5 0.5 2 1 0
1.792 0.5 0.5 2 1 0
1.791 0.5 0.5 2 1 0
1.79 0.5 0.5 2 1 0
1.789 0.5 0.5 2 1 0
1.788 0.5 0.5 2 1 0
1.787 0.5 0.5 2 1 0
1.786 0.5 0.5 2 1 0
1.785 0.5 0.5 2 1 0
1.784 0.5 0.5 2 1 0
1.783 0.5 0.5 2 1 0
1.782 0.5 0.5 2 1 0
1.781 0.5 0.5 2 1 0
1.78 0.5 0.5 2 1 0
1.779 0.5 0.5 2 1 0
1.778 0.5 0.5 2 1 0
1.777 0.5 0.5 2 1 0
1.776 0.5 0.5 2 1 0
1.775 0.5 0.5 2 1 0
1.774 0.5 0.5 2 1 0
1.773 0.5 0.5 2 1 0
1.772 0.5 0.5 2 1 0
1.771 0.5 0.5 2 1 0
1.77 0.5 0.5 2 1 0
1.769 0.5 0.5 2 1 0
1.768 0.5 0.5 2 1 0
1.767 0.5 0.5 2 1 0
1.766 0.5 0.5 2 1 0
1.765 0.5 0.5 2 1 0
1.764 0.5 0.5 2 1 0
1.763 0.5 0.5 2 1 0
1.762 0.5 0.5 2 1 0
1.761 0.5 0.5 2 1 0
1.76 0.5 0.5 2 1 0
1.759 0.5 0.5 2 1 0
1.758 0.5 0.5 2 1 0
1.757 0.5 0.5 2 1 0
1.756 0.5 0.5 2 1 0
1.755 0.5 0.5 2 1 0
1.754 0.5 0.5 2 1 0
1.753 0.5 0.5 2 1 0
1.752 0.5 0.5 2 1 0
1.751 0.5 0.5 2 1 0
1.75 0.5 0.5 2 1 0
1.749 0.5 0.5 2 1 0
1.748 0.5 0.5 2 1 0
1.747 0.5 0.5 2 1 0
1.746 0.5 0.5 2 1 0
1.745 0.5 0.5 2 1 0
1.744 0.5 0.5 2 1 0
1.743 0.5 0.5 2 1 0
1.742 0.5 0.5 2 1 0
1.741 0.5 0.5 2 1 0
1.74 0.5 0.5 2 1 0
1.739 0.5 0.5 2 1 0
1.738 0.5 0.5 2 1 0
1.737 0.5 0.5 2 1 0
1.736 0.5 0.5 2 1 0
1.735 0.5 0.5 2 1 0
1.734 0.5 0.5 2 1 0
1.733 0.5 0.5 2 1 0
1.732 0.5 0.5 2 1 0
1.731 0.5 0.5 2 1 0
1.73 0.5 0.5 2 1 0
1.729 0.5 0.5 2 1 0
1.728 0.5 0.5 2 1 0
1.727 0.5 0.5 2 1 0
1.726 0.5 0.5 2 1 0
1.725 0.5 0.5 2 1 0
1.724 0.5 0.5 2 1 0
1.723 0.5 0.5 2 1 0
1.722 0.5 0.5 2 1 0
1.721 0.5 0.5 2 1 0
1.72 0.5 0.5 2 1 0
1.719 0.5 0.5 2 1 0
1.718 0.5 0.5 2 1 0
1.717 0.5 0.5 2 1 0
1.716 0.5 0.5 2 1 0
1.715 0.5 0.5 2 1 0
1.714 0.5 0.5 2 1 0
1.713 0.5 0.5 2 1 0
1.712 0.5 0.5 2 1 0
1.711 0.5 0.5 2 1 0
1.71 0.5 0.5 2 1 0
1.709 0.5 0.5 2 1 0
1.708 0.5 0.5 2 1 0
1.707 0.5 0.5 2 1 0
1.706 0.5 0.5 2 1 0
1.705 0.5 0.5 2 1 0
1.704 0.5 0.5 2 1 0
1.703 0.5 0.5 2 1 0
1.702 0.5 0.5 2 1 0
1.701 0.5 0.5 2 1 0
1.7 0.5 0.5 2 1 0
1.699 0.5 0.5 2 1 0
1.698 0.5 0.5 2 1 0
1.697 0.5 0.5 2 1 0
1.696 0.5 0.5 2 1 0
1.695 0.5 0.5 2 1 0
1.694 0.5 0.5 2 1 0
1.693 0.5 0.5 2 1 0
1.692 0.5 0.5 2 1 0
1.691 0.5 0.5 2 1 0
1.69 0.5 0.5 2 1 0
1.689 0.5 0.5 2 1 0
1.688 0.5 0.5 2 1 0
1.687 0.5 0.5 2 1 0
1.686 0.5 0.5 2 1 0
1.685 0.5 0.5 2 1 0
1.684 0.5 0.5 2 1 0
1.683 0.5 0.5 2 1 0
1.682 0.5 0.5 2 1 0
1.681 0.5 0.5 2 1 0
1.68 0.5 0.5 2 1 0
1.679 0.5 0.5 2 1 0
1.678 0.5 0.5 2 1 0
1.677 0.5 0.5 2 1 0
1.676 0.5 0.5 2 1 0
1.675 0.5 0.5 2 1 0
1.674 0.5 0.5 2 1 0
1.673 0.5 0.5 2 1 0
1.672 0.5 0.5 2 1 0
1.671 0.5 0.5 2 1 0
1.67 0.5 0.5 2 1 0
1.669 0.5 0.5 2 1 0
1.668 0.5 0.5 2 1 0
1.667 0.5 0.5 2 1 0
1.666 0.5 0.5 2 1 0
1.665 0.5 0.5 2 1 0
1.664 0.5 0.5 2 1 0
1.663 0.5 0.5 2 1 0
1.662 0.5 0.5 2 1 0
1.661 0.5 0.5 2 1 0
1.66 0.5 0.5 2 1 0
1.659 0.5 0.5 2 1 0
1.658 0.5 0.5 2 1 0
1.657 0.5 0.5 2 1 0
1.656 0.5 0.5 2 1 0
1.655 0.5 0.5 2 1 0
1.654 0.5 0.5 2 1 0
1.653 0.5 0.5 2 1 0
1.652 0.5 0.5 2 1 0
1.651 0.5 0.5 2 1 0
1.65 0.5 0.5 2 1 0
1.649 0.5 0.5 2 1 0
1.648 0.5 0.5 2 1 0
1.647 0.5 0.5 2 1 0
1.646 0.5 0.5 2 1 0
1.645 0.5 0.5 2 1 0
1.644 0.5 0.5 2 1 0
1.643 0.5 0.5 2 1 0
1.642 0.5 0.5 2 1 0
1.641 0.5 0.5 2 1 0
1.64 0.5 0.5 2 1 0
1.639 0.5 0.5 2 1 0
1.638 0.5 0.5 2 1 0
1.637 0.5 0.5 2 1 0
1.636 0.5 0.5 2 1 0
1.635 0.5 0.5 2 1 0
1.634 0.5 0.5 2 1 0
1.633 0.5 0.5 2 1 0
1.632 0.5 0.5 2 1 0
1.631 0.5 0.5 2 1 0
1.63 0.5 0.5 2 1 0
1.629 0.5 0.5 2 1 0
1.628 0.5 0.5 2 1 0
1.627 0.5 0.5 2 1 0
1.626 0.5 0.5 2 1 0
1.625 0.5 0.5 2 1 0
1.624 0.5 0.5 2 1 0
1.623 0.5 0.5 2 1 0
1.622 0.5 0.5 2 1 0
1.621 0.5 0.5 2 1 0
1.62 0.5 0.5 2 1 0
1.619 0.5 0.5 2 1 0
1.618 0.5 0.5 2 1 0
1.617 0.5 0.5 2 1 0
1.616 0.5 0.5 2 1 0
1.615 0.5 0.5 2 1 0
1.614 0.5 0.5 2 1 0
1.613 0.5 0.5 2 1 0
1.612 0.5 0.5 2 1 0
1.611 0.5 0.5 2 1 0
1.61 0.5 0.5 2 1 0
1.609 0.5 0.5 2 1 0
1.608 0.5 0.5 2 1 0
1.607 0.5 0.5 2 1 0
1.606 0.5 0.5 2 1 0
1.605 0.5 0.5 2 1 0
1.604 0.5 0.5 2 1 0
1.603 0.5 0.5 2 1 0
1.602 0.5 0.5 2 1 0
1.601 0.5 0.5 2 1 0
1.6 0.5 0.5 2 1 0
1.599 0.5 0.5 2 1 0
1.598 0.5 0.5 2 1 0
1.597 0.5 0.5 2 1 0
1.596 0.5 0.5 2 1 0
1.595 0.5 0.5 2 1 0
1.594 0.5 0.5 2 1 0
1.593 0.5 0.5 2 1 0
1.592 0.5 0.5 2 1 0
1.591 0.5 0.5 2 1 0
1.59 0.5 0.5 2 1 0
1.589 0.5 0.5 2 1 0
1.588 0.5 0.5 2 1 0
1.587 0.5 0.5 2 1 0
1.586 0.5 0.5 2 1 0
1.585 0.5 0.5 2 1 0
1.584 0.5 0.5 2 1 0
1.583 0.5 0.5 2 1 0
1.582 0.5 0.5 2 1 0
1.581 0.5 0.5 2 1 0
1.58 0.5 0.5 2 1 0
1.579 0.5 0.5 2 1 0
1.578 0.5 0.5 2 1 0
1.577 0.5 0.5 2 1 0
1.576 0.5 0.5 2 1 0
1.575 0.5 0.5 2 1 0
1.574 0.5 0.5 2 1 0
1.573 0.5 0.5 2 1 0
1.572 0.5 0.5 2 1 0
1.571 0.5 0.5 2 1 0
1.57 0.5 0.5 2 1 0
1.569 0.5 0.5 2 1 0
1.568 0.5 0.5 2 1 0
1.567 0.5 0.5 2 1 0
1.566 0.5 0.5 2 1 0
1.565 0.5 0.5 2 1 0
1.564 0.5 0.5 2 1 0
1.563 0.5 0.5 2 1 0
1.562 0.5 0.5 2 1 0
1.561 0.5 0.5 2 1 0
1.56 0.5 0.5 2 1 0
1.559 0.5 0.5 2 1 0
1.558 0.5 0.5 2 1 0
1.557 0.5 0.5 2 1 0
1.556 0.5 0.5 2 1 0
1.555 0.5 0.5 2 1 0
1.554 0.5 0.5 2 1 0
1.553 0.5 0.5 2 1 0
1.552 0.5 0.5 2 1 0
1.551 0.5 0.5 2 1 0
1.55 0.5 0.5 2 1 0
1.549 0.5 0.5 2 1 0
1.548 0.5 0.5 2 1 0
1.547 0.5 0.5 2 1 0
1.546 0.5 0.5 2 1 0
1.545 0.5 0.5 2 1 0
1.544 0.5 0.5 2 1 0
1.543 0.5 0.5 2 1 0
1.542 0.5 0.5 2 1 0
1.541 0.5 0.5 2 1 0
1.54 0.5 0.5 2 1 0
1.539 0.5 0.5 2 1 0
1.538 0.5 0.5 2 1 0
1.537 0.5 0.5 2 1 0
1.536 0.5 0.5 2 1 0
1.535 0.5 0.5 2 1 0
1.534 0.5 0.5 2 1 0
1.533 0.5 0.5 2 1 0
1.532 0.5 0.5 2 1 0
1.531 0.5 0.5 2 1 0
1.53 0.5 0.5 2 1 0
1.529 0.5 0.5 2 1 0
1.528 0.5 0.5 2 1 0
1.527 0.5 0.5 2 1 0
1.526 0.5 0.5 2 1 0
1.525 0.5 0.5 2 1 0
1.524 0.5 0.5 2 1 0
1.523 0.5 0.5 2 1 0
1.522 0.5 0.5 2 1 0
1.521 0.5 0.5 2 1 0
1.52 0.5 0.5 2 1 0
1.519 0.5 0.5 2 1 0
1.518 0.5 0.5 2 1 0
1.517 0.5 0.5 2 1 0
1.516 0.5 0.5 2 1 0
1.515 0.5 0.5 2 1 0
1.514 0.5 0.5 2 1 0
1.513 0.5 0.5 2 1 0
1.512 0.5 0.5 2 1 0
1.511 0.5 0.5 2 1 0
1.51 0.5 0.5 2 1 0
1.509 0.5 0.5 2 1 0
1.508 0.5 0.5 2 1 0
1.507 0.5 0.5 2 1 0
1.506 0.5 0.5 2 1 0
1.505 0.5 0.5 2 1 0
1.504 0.5 0.5 2 1 0
1.503 0.5 0.5 2 1 0
1.502 0.5 0.5 2 1 0
1.501 0.5 0.5 2 1 0
1.5 0.5 0.5 2 1 0
1.499 0.5 0.5 2 1 0
1.498 0.5 0.5 2 1 0
1.497 0.5 0.5 2 1 0
1.496 0.5 0.5 2 1 0
1.495 0.5 0.5 2 1 0
1.494 0.5 0.5 2 1 0
1.493 0.5 0.5 2 1 0
1.492 0.5 0.5 2 1 0
1.491 0.5 0.5 2 1 0
1.49 0.5 0.5 2 1 0
1.489 0.5 0.5 2 1 0
1.488 0.5 0.5 2 1 0
1.487 0.5 0.5 2 1 0
1.486 0.5 0.5 2 1 0
1.485 0.5 0.5 2 1 0
1.484 0.5 0.5 2 1 0
1.483 0.5 0.5 2 1 0
1.482 0.5 0.5 2 1 0
1.481 0.5 0.5 2 1 0
1.48 0.5 0.5 2 1 0
1.479 0.5 0.5 2 1 0
1.478 0.5 0.5 2 1 0
1.477 0.5 0.5 2 1 0
1.476 0.5 0.5 2 1 0
1.475 0.5 0.5 2 1 0
1.474 0.5 0.5 2 1 0
1.473 0.5 0.5 2 1 0
1.472 0.5 0.5 2 1 0
1.471 0.5 0.5 2 1 0
1.47 0.5 0.5 2 1 0
1.469 0.5 0.5 2 1 0
1.468 0.5 0.5 2 1 0
1.467 0.5 0.5 2 1 0
1.466 0.5 0.5 2 1 0
1.465 0.5 0.5 2 1 0
1.464 0.5 0.5 2 1 0
1.463 0.5 0.5 2 1 0
1.462 0.5 0.5 2 1 0
1.461 0.5 0.5 2 1 0
1.46 0.5 0.5 2 1 0
1.459 0.5 0.5 2 1 0
1.458 0.5 0.5 2 1 0
1.457 0.5 0.5 2 1 0
1.456 0.5 0.5 2 1 0
1.455 0.5 0.5 2 1 0
1.454 0.5 0.5 2 1 0
1.453 0.5 0.5 2 1 0
1.452 0.5 0.5 2 1 0
1.451 0.5 0.5 2 1 0
1.45 0.5 0.5 2 1 0
1.449 0.5 0.5 2 1 0
1.448 0.5 0.5 2 1 0
1.447 0.5 0.5 2 1 0
1.446 0.5 0.5 2 1 0
1.445 0.5 0.5 2 1 0
1.444 0.5 0.5 2 1 0
1.443 0.5 0.5 2 1 0
1.442 0.5 0.5 2 1 0
1.441 0.5 0.5 2 1 0
1.44 0.5 0.5 2 1 0
1.439 0.5 0.5 2 1 0
1.438 0.5 0.5 2 1 0
1.437 0.5 0.5 2 1 0
1.436 0.5 0.5 2 1 0
1.435 0.5 0.5 2 1 0
1.434 0.5 0.5 2 1 0
1.433 0.5 0.5 2 1 0
1.432 0.5 0.5 2 1 0
1.431 0.5 0.5 2 1 0
1.43 0.5 0.5 2 1 0
1.429 0.5 0.5 2 1 0
1.428 0.5 0.5 2 1 0
1.427 0.5 0.5 2 1 0
1.426 0.5 0.5 2 1 0
1.425 0.5 0.5 2 1 0
1.424 0.5 0.5 2 1 0
1.423 0.5 0.5 2 1 0
1.422 0.5 0.5 2 1 0
1.421 0.5 0.5 2 1 0
1.42 0.5 0.5 2 1 0
1.419 0.5 0.5 2 1 0
1.418 0.5 0.5 2 1 0
1.417 0.5 0.5 2 1 0
1.416 0.5 0.5 2 1 0
1.415 0.5 0.5 2 1 0
1.414 0.5 0.5 2 1 0
1.413 0.5 0.5 2 1 0
1.412 0.5 0.5 2 1 0
1.411 0.5 0.5 2 1 0
1.41 0.5 0.5 2 1 0
1.409 0.5 0.5 2 1 0
1.408 0.5 0.5 2 1 0
1.407 0.5 0.5 2 1 0
1.406 0.5 0.5 2 1 0
1.405 0.5 0.5 2 1 0
1.404 0.5 0.5 2 1 0
1.403 0.5 0.5 2 1 0
1.402 0.5 0.5 2 1 0
1.401 0.5 0.5 2 1 0
1.4 0.5 0.5 2 1 0
1.399 0.5 0.5 2 1 0
1.398 0.5 0.5 2 1 0
1.397 0.5 0.5 2 1 0
1.396 0.5 0.5 2 1 0
1.395 0.5 0.5 2 1 0
1.394 0.5 0.5 2 1 0
1.393 0.5 0.5 2 1 0
1.392 0.5 0.5 2 1 0
1.391 0.5 0.5 2 1 0
1.39 0.5 0.5 2 1 0
1.389 0.5 0.5 2 1 0
1.388 0.5 0.5 2 1 0
1.387 0.5 0.5 2 1 0
1.386 0.5 0.5 2 1 0
1.385 0.5 0.5 2 1 0
1.384 0.5 0.5 2 1 0
1.383 0.5 0.5 2 1 0
1.382 0.5 0.5 2 1 0
1.381 0.5 0.5 2 1 0
1.38 0.5 0.5 2 1 0
1.379 0.5 0.5 2 1 0
1.378 0.5 0.5 2 1 0
1.377 0.5 0.5 2 1 0
1.376 0.5 0.5 2 1 0
1.375 0.5 0.5 2 1 0
1.374 0.5 0.5 2 1 0
1.373 0.5 0.5 2 1 0
1.372 0.5 0.5 2 1 0
1.371 0.5 0.5 2 1 0
1.37 0.5 0.5 2 1 0
1.369 0.5 0.5 2 1 0
1.368 0.5 0.5 2 1 0
1.367 0.5 0.5 2 1 0
1.366 0.5 0.5 2 1 0
1.365 0.5 0.5 2 1 0
1.364 0.5 0.5 2 1 0
1.363 0.5 0.5 2 1 0
1.362 0.5 0.5 2 1 0
1.361 0.5 0.5 2 1 0
1.36 0.5 0.5 2 1 0
1.359 0.5 0.5 2 1 0
1.358 0.5 0.5 2 1 0
1.357 0.5 0.5 2 1 0
1.356 0.5 0.5 2 1 0
1.355 0.5 0.5 2 1 0
1.354 0.5 0.5 2 1 0
1.353 0.5 0.5 2 1 0
1.352 0.5 0.5 2 1 0
1.351 0.5 0.5 2 1 0
1.35 0.5 0.5 2 1 0
1.349 0.5 0.5 2 1 0
1.348 0.5 0.5 2 1 0
1.347 0.5 0.5 2 1 0
1.346 0.5 0.5 2 1 0
1.345 0.5 0.5 2 1 0
1.34437 0.5 0.5 2 1 0
1.34337 0.5 0.5 1 1 0
1.34237 0.5 0.5 1 1 0
1.34137 0.5 0.5 1 1 0
1.34037 0.5 0.5 1 1 0
1.33937 0.5 0.5 1 1 0
1.33837 0.5 0.5 1 1 0
1.33737 0.5 0.5 1 1 0
1.33637 0.5 0.5 1 1 0
1.33537 0.5 0.5 1 1 0
1.33437 0.5 0.5 1 1 0
1.33337 0.5 0.5 1 1 0
1.33237 0.5 0.5 1 1 0
1.33137 0.5 0.5 1 1 0
1.33037 0.5 0.5 1 1 0
1.32937 0.5 0.5 1 1 0
1.32837 0.5 0.5 1 1 0
1.32737 0.5 0.5 1 1 0
1.32637 0.5 0.5 1 1 0
1.32537 0.5 0.5 1 1 0
1.32437 0.5 0.5 1 1 0
1.32337 0.5 0.5 1 1 0
1.32237 0.5 0.5 1 1 0
1.32137 0.5 0.5 1 1 0
1.32037 0.5 0.5 1 1 0
1.31937 0.5 0.5 1 1 0
1.31837 0.5 0.5 1 1 0
1.31737 0.5 0.5 1 1 0
1.31637 0.5 0.5 1 1 0
1.31537 0.5 0.5 1 1 0
1.31437 0.5 0.5 1 1 0
1.31337 0.5 0.5 1 1 0
1.31237 0.5 0.5 1 1 0
1.31137 0.5 0.5 1 1 0
1.31037 0.5 0.5 1 1 0
1.30937 0.5 0.5 1 1 0
1.30837 0.5 0.5 1 1 0
1.30737 0.5 0.5 1 1 0
1.30637 0.5 0.5 1 1 0
1.30537 0.5 0.5 1 1 0
1.30437 0.5 0.5 1 1 0
1.30337 0.5 0.5 1 1 0
1.30237 0.5 0.5 1 1 0
1.30137 0.5 0.5 1 1 0
1.30037 0.5 0.5 1 1 0
1.29937 0.5 0.5 1 1 0
1.29837 0.5 0.5 1 1 0
1.29737 0.5 0.5 1 1 0
1.29637 0.5 0.5 1 1 0
1.29537 0.5 0.5 1 1 0
1.29437 0.5 0.5 1 1 0
1.29337 0.5 0.5 1 1 0
1.29237 0.5 0.5 1 1 0
1.29137 0.5 0.5 1 1 0
1.29037 0.5 0.5 1 1 0
1.28937 0.5 0.5 1 1 0
1.28837 0.5 0.5 1 1 0
1.28737 0.5 0.5 1 1 0
1.28637 0.5 0.5 1 1 0
1.28537 0.5 0.5 1 1 0
1.28437 0.5 0.5 1 1 0
1.28337 0.5 0.5 1 1 0
1.28237 0.5 0.5 1 1 0
1.28137 0.5 0.5 1 1 0
1.28037 0.5 0.5 1 1 0
1.27937 0.5 0.5 1 1 0
1.27837 0.5 0.5 1 1 0
1.27737 0.5 0.5 1 1 0
1.27637 0.5 0.5 1 1 0
1.27537 0.5 0.5 1 1 0
1.27437 0.5 0.5 1 1 0
1.27337 0.5 0.5 1 1 0
1.27237 0.5 0.5 1 1 0
1.27137 0.5 0.5 1 1 0
1.27037 0.5 0.5 1 1 0
1.26937 0.5 0.5 1 1 0
1.26837 0.5 0.5 1 1 0
1.26737 0.5 0.5 1 1 0
1.26637 0.5 0.5 1 1 0
1.26537 0.5 0.5 1 1 0
1.26437 0.5 0.5 1 1 0
1.26337 0.5 0.5 1 1 0
1.26237 0.5 0.5 1 1 0
1.26137 0.5 0.5 1 1 0
1.26037 0.5 0.5 1 1 0
1.25937 0.5 0.5 1 1 0
1.25837 0.5 0.5 1 1 0
1.25737 0.5 0.5 1 1 0
1.25637 0.5 0.5 1 1 0
1.25537 0.5 0.5 1 1 0
1.25437 0.5 0.5 1 1 0
1.25337 0.5 0.5 1 1 0
1.25237 0.5 0.5 1 1 0
1.25137 0.5 0.5 1 1 0
1.25037 0.5 0.5 1 1 0
1.24937 0.5 0.5 1 1 0
1.24837 0.5 0.5 1 1 0
1.24737 0.5 0.5 1 1 0
1.24637 0.5 0.5 1 1 0
1.24537 0.5 0.5 1 1 0
1.24437 0.5 0.5 1 1 0
1.24337 0.5 0.5 1 1 0
1.24237 0.5 0.5 1 1 0
1.24137 0.5 0.5 1 1 0
1.24037 0.5 0.5 1 1 0
1.23937 0.5 0.5 1 1 0
1.23837 0.5 0.5 1 1 0
1.23737 0.5 0.5 1 1 0
1.23637 0.5 0.5 1 1 0
1.23537 0.5 0.5 1 1 0
1.23437 0.5 0.5 1 1 0
1.23337 0.5 0.5 1 1 0
1.23237 0.5 0.5 1 1 0
1.23137 0.5 0.5 1 1 0
1.23037 0.5 0.5 1 1 0
1.22937 0.5 0.5 1 1 0
1.22837 0.5 0.5 1 1 0
1.22737 0.5 0.5 1 1 0
1.22637 0.5 0.5 1 1 0
1.22537 0.5 0.5 1 1 0
1.22437 0.5 0.5 1 1 0
1.22337 0.5 0.5 1 1 0
1.22237 0.5 0.5 1 1 0
1.22137 0.5 0.5 1 1 0
1.22037 0.5 0.5 1 1 0
1.21937 0.5 0.5 1 1 0
1.21837 0.5 0.5 1 1 0
1.21737 0.5 0.5 1 1 0
1.21637 0.5 0.5 1 1 0
1.21537 0.5 0.5 1 1 0
1.21437 0.5 0.5 1 1 0
1.21337 0.5 0.5 1 1 0
1.21237 0.5 0.5 1 1 0
1.21137 0.5 0.5 1 1 0
1.21037 0.5 0.5 1 1 0
1.20937 0.5 0.5 1 1 0
1.20837 0.5 0.5 1 1 0
1.20737 0.5 0.5 1 1 0
1.20637 0.5 0.5 1 1 0
1.20537 0.5 0.5 1 1 0
1.20437 0.5 0.5 1 1 0
1.20337 0.5 0.5 1 1 0
1.20237 0.5 0.5 1 1 0
1.20137 0.5 0.5 1 1 0
1.20037 0.5 0.5 1 1 0
1.19937 0.5 0.5 1 1 0
1.19837 0.5 0.5 1 1 0
1.19737 0.5 0.5 1 1 0
1.19637 0.5 0.5 1 1 0
1.19537 0.5 0.5 1 1 0
1.19437 0.5 0.5 1 1 0
1.19337 0.5 0.5 1 1 0
1.19237 0.5 0.5 1 1 0
1.19137 0.5 0.5 1 1 0
1.19037 0.5 0.5 1 1 0
1.18937 0.5 0.5 1 1 0
1.18837 0.5 0.5 1 1 0
1.18737 0.5 0.5 1 1 0
1.18637 0.5 0.5 1 1 0
1.18537 0.5 0.5 1 1 0
1.18437 0.5 0.5 1 1 0
1.18337 0.5 0.5 1 1 0
1.18237 0.5 0.5 1 1 0
1.18137 0.5 0.5 1 1 0
1.18037 0.5 0.5 1 1 0
1.17937 0.5 0.5 1 1 0
1.17837 0.5 0.5 1 1 0
1.17737 0.5 0.5 1 1 0
1.17637 0.5 0.5 1 1 0
1.17537 0.5 0.5 1 1 0
1.17437 0.5 0.5 1 1 0
1.17337 0.5 0.5 1 1 0
1.17237 0.5 0.5 1 1 0
1.17137 0.5 0.5 1 1 0
1.17037 0.5 0.5 1 1 0
1.16937 0.5 0.5 1 1 0
1.16837 0.5 0.5 1 1 0
1.16737 0.5 0.5 1 1 0
1.16637 0.5 0.5 1 1 0
1.16537 0.5 0.5 1 1 0
1.16437 0.5 0.5 1 1 0
1.16337 0.5 0.5 1 1 0
1.16237 0.5 0.5 1 1 0
1.16137 0.5 0.5 1 1 0
1.16037 0.5 0.5 1 1 0
1.15937 0.5 0.5 1 1 0
1.15837 0.5 0.5 1 1 0
1.15737 0.5 0.5 1 1 0
1.15637 0.5 0.5 1 1 0
1.15537 0.5 0.5 1 1 0
1.15437 0.5 0.5 1 1 0
1.15337 0.5 0.5 1 1 0
1.15237 0.5 0.5 1 1 0
1.15137 0.5 0.5 1 1 0
1.15037 0.5 0.5 1 1 0
1.14937 0.5 0.5 1 1 0
1.14837 0.5 0.5 1 1 0
1.14737 0.5 0.5 1 1 0
1.14637 0.5 0.5 1 1 0
1.14537 0.5 0.5 1 1 0
1.14437 0.5 0.5 1 1 0
1.14337 0.5 0.5 1 1 0
1.14237 0.5 0.5 1 1 0
1.14137 0.5 0.5 1 1 0
1.14037 0.5 0.5 1 1 0
1.13937 0.5 0.5 1 1 0
1.13837 0.5 0.5 1 1 0
1.13737 0.5 0.5 1 1 0
1.13637 0.5 0.5 1 1 0
1.13537 0.5 0.5 1 1 0
1.13437 0.5 0.5 1 1 0
1.13337 0.5 0.5 1 1 0
1.13237 0.5 0.5 1 1 0
1.13137 0.5 0.5 1 1 0
1.13037 0.5 0.5 1 1 0
1.12937 0.5 0.5 1 1 0
1.12837 0.5 0.5 1 1 0
1.12737 0.5 0.5 1 1 0
1.12637 0.5 0.5 1 1 0
1.12537 0.5 0.5 1 1 0
1.12437 0.5 0.5 1 1 0
1.12337 0.5 0.5 1 1 0
1.12237 0.5 0.5 1 1 0
1.12137 0.5 0.5 1 1 0
1.12037 0.5 0.5 1 1 0
1.11937 0.5 0.5 1 1 0
1.11837 0.5 0.5 1 1 0
1.11737 0.5 0.5 1 1 0
1.11637 0.5 0.5 1 1 0
1.11537 0.5 0.5 1 1 0
1.11437 0.5 0.5 1 1 0
1.11337 0.5 0.5 1 1 0
1.11237 0.5 0.5 1 1 0
1.11137 0.5 0.5 1 1 0
1.11037 0.5 0.5 1 1 0
1.10937 0.5 0.5 1 1 0
1.10837 0.5 0.5 1 1 0
1.10737 0.5 0.5 1 1 0
1.10637 0.5 0.5 1 1 0
1.10537 0.5 0.5 1 1 0
1.10437 0.5 0.5 1 1 0
1.10337 0.5 0.5 1 1 0
1.10237 0.5 0.5 1 1 0
1.10137 0.5 0.5 1 1 0
1.10037 0.5 0.5 1 1 0
1.09937 0.5 0.5 1 1 0
1.09837 0.5 0.5 1 1 0
1.09737 0.5 0.5 1 1 0
1.09637 0.5 0.5 1 1 0
1.09537 0.5 0.5 1 1 0
1.09437 0.5 0.5 1 1 0
1.09337 0.5 0.5 1 1 0
1.09237 0.5 0.5 1 1 0
1.09137 0.5 0.5 1 1 0
1.09037 0.5 0.5 1 1 0
1.08937 0.5 0.5 1 1 0
1.08837 0.5 0.5 1 1 0
1.08737 0.5 0.5 1 1 0
1.08637 0.5 0.5 1 1 0
1.08537 0.5 0.5 1 1 0
1.08437 0.5 0.5 1 1 0
1.08337 0.5 0.5 1 1 0
1.08237 0.5 0.5 1 1 0
1.08137 0.5 0.5 1 1 0
1.08037 0.5 0.5 1 1 0
1.07937 0.5 0.5 1 1 0
1.07837 0.5 0.5 1 1 0
1.07737 0.5 0.5 1 1 0
1.07637 0.5 0.5 1 1 0
1.07537 0.5 0.5 1 1 0
1.07437 0.5 0.5 1 1 0
1.07337 0.5 0.5 1 1 0
1.07237 0.5 0.5 1 1 0
1.07137 0.5 0.5 1 1 0
1.07037 0.5 0.5 1 1 0
1.06937 0.5 0.5 1 1 0
1.06837 0.5 0.5 1 1 0
1.06737 0.5 0.5 1 1 0
1.06637 0.5 0.5 1 1 0
1.06537 0.5 0.5 1 1 0
1.06437 0.5 0.5 1 1 0
1.06337 0.5 0.5 1 1 0
1.06237 0.5 0.5 1 1 0
1.06137 0.5 0.5 1 1 0
1.06037 0.5 0.5 1 1 0
1.05937 0.5 0.5 1 1 0
1.05837 0.5 0.5 1 1 0
1.05737 0.5 0.5 1 1 0
1.05637 0.5 0.5 1 1 0
1.05537 0.5 0.5 1 1 0
1.05437 0.5 0.5 1 1 0
1.05337 0.5 0.5 1 1 0
1.05237 0.5 0.5 1 1 0
1.05137 0.5 0.5 1 1 0
1.05037 0.5 0.5 1 1 0
1.04937 0.5 0.5 1 1 0
1.04837 0.5 0.5 1 1 0
1.04737 0.5 0.5 1 1 0
1.04637 0.5 0.5 1 1 0
1.04537 0.5 0.5 1 1 0
1.04437 0.5 0.5 1 1 0
1.04337 0.5 0.5 1 1 0
1.04237 0.5 0.5 1 1 0
1.04137 0.5 0.5 1 1 0
1.04037 0.5 0.5 1 1 0
1.03937 0.5 0.5 1 1 0
1.03837 0.5 0.5 1 1 0
1.03737 0.5 0.5 1 1 0
1.03637 0.5 0.5 1 1 0
1.03537 0.5 0.5 1 1 0
1.03437 0.5 0.5 1 1 0
1.03337 0.5 0.5 1 1 0
1.03237 0.5 0.5 1 1 0
1.03137 0.5 0.5 1 1 0
1.03037 0.5 0.5 1 1 0
1.02937 0.5 0.5 1 1 0
1.02837 0.5 0.5 1 1 0
1.02737 0.5 0.5 1 1 0
1.02637 0.5 0.5 1 1 0
1.02537 0.5 0.5 1 1 0
1.02437 0.5 0.5 1 1 0
1.02337 0.5 0.5 1 1 0
1.02237 0.5 0.5 1 1 0
1.02137 0.5 0.5 1 1 0
1.02037 0.5 0.5 1 1 0
1.01937 0.5 0.5 1 1 0
1.01837 0.5 0.5 1 1 0
1.01737 0.5 0.5 1 1 0
1.01637 0.5 0.5 1 1 0
1.01537 0.5 0.5 1 1 0
1.01437 0.5 0.5 1 1 0
1.01337 0.5 0.5 1 1 0
1.01237 0.5 0.5 1 1 0
1.01137 0.5 0.5 1 1 0
1.01037 0.5 0.5 1 1 0
1.00937 0.5 0.5 1 1 0
1.00837 0.5 0.5 1 1 0
1.00737 0.5 0.5 1 1 0
1.00637 0.5 0.5 1 1 0
1.00537 0.5 0.5 1 1 0
1.00437 0.5 0.5 1 1 0
1.00337 0.5 0.5 1 1 0
1.00237 0.5 0.5 1 1 0
1.00137 0.5 0.5 1 1 0
1.00037 0.5 0.5 1 1 0
1.00037 0.5 0.5 1 1 0
1.34437 0.5 0.5 2 2 0
1.34437 0.499 0.499 2 2 0
1.34437 0.498 0.498 2 2 0
1.34436 0.497 0.497 2 2 0
1.34435 0.496 0.496 2 2 0
1.34434 0.495 0.495 2 2 0
1.34433 0.494 0.494 2 2 0
1.34431 0.493 0.493 2 2 0
1.34429 0.492001 0.492001 2 2 0
1.34427 0.491001 0.491001 2 2 0
1.34424 0.490001 0.490001 2 2 0
1.34421 0.489002 0.489002 2 2 0
1.34418 0.488002 0.488002 2 2 0
1.34415 0.487003 0.487003 2 2 0
1.34411 0.486003 0.486003 2 2 0
1.34407 0.485004 0.485004 2 2 0
1.34403 0.484005 0.484005 2 2 0
1.34399 0.483006 0.483006 2 2 0
1.34394 0.482007 0.482007 2 2 0
1.34389 0.481008 0.481008 2 2 0
1.34384 0.480009 0.480009 2 2 0
1.34378 0.479011 0.479011 2 2 0
1.34373 0.478013 0.478013 2 2 0
1.34367 0.477014 0.477014 2 2 0
1.3436 0.476016 0.476016 2 2 0
1.34354 0.475019 0.475019 2 2 0
1.34347 0.474021 0.474021 2 2 0
1.3434 0.473023 0.473023 2 2 0
1.34333 0.472026 0.472026 2 2 0
1.34325 0.471029 0.471029 2 2 0
1.34317 0.470032 0.470032 2 2 0
1.34309 0.469035 0.469035 2 2 0
1.34301 0.468039 0.468039 2 2 0
1.34292 0.467043 0.467043 2 2 0
1.34283 0.466047 0.466047 2 2 0
1.34274 0.465051 0.465051 2 2 0
1.34264 0.464055 0.464055 2 2 0
1.34254 0.46306 0.46306 2 2 0
1.34245 0.462065 0.462065 2 2 0
1.34234 0.46107 0.46107 2 2 0
1.34224 0.460076 0.460076 2 2 0
1.34213 0.459082 0.459082 2 2 0
1.34202 0.458088 0.458088 2 2 0
1.34191 0.457094 0.457094 2 2 0
1.34179 0.456101 0.456101 2 2 0
1.34167 0.455108 0.455108 2 2 0
1.34155 0.454115 0.454115 2 2 0
1.34143 0.453123 0.453123 2 2 0
1.3413 0.452131 0.452131 2 2 0
1.34117 0.451139 0.451139 2 2 0
1.34104 0.450148 0.450148 2 2 0
1.34091 0.449157 0.449157 2 2 0
1.34077 0.448166 0.448166 2 2 0
1.34063 0.447176 0.447176 2 2 0
1.34049 0.446186 0.446186 2 2 0
1.34034 0.445197 0.445197 2 2 0
1.3402 0.444208 0.444208 2 2 0
1.34005 0.443219 0.443219 2 2 0
1.33989 0.442231 0.442231 2 2 0
1.33974 0.441243 0.441243 2 2 0
1.33958 0.440255 0.440255 2 2 0
1.33942 0.439268 0.439268 2 2 0
1.33926 0.438281 0.438281 2 2 0
1.33909 0.437295 0.437295 2 2 0
1.33893 0.436309 0.436309 2 2 0
1.33876 0.435324 0.435324 2 2 0
1.33858 0.434339 0.434339 2 2 0
1.33841 0.433355 0.433355 2 2 0
1.33823 0.43237 0.43237 2 2 0
1.33805 0.431387 0.431387 2 2 0
1.33787 0.430404 0.430404 2 2 0
1.33768 0.429421 0.429421 2 2 0
1.33749 0.428439 0.428439 2 2 0
1.3373 0.427458 0.427458 2 2 0
1.33711 0.426476 0.426476 2 2 0
1.33691 0.425496 0.425496 2 2 0
1.33671 0.424516 0.424516 2 2 0
1.33651 0.423536 0.423536 2 2 0
1.33631 0.422557 0.422557 2 2 0
1.3361 0.421578 0.421578 2 2 0
1.33589 0.4206 0.4206 2 2 0
1.33568 0.419623 0.419623 2 2 0
1.33547 0.418646 0.418646 2 2 0
1.33525 0.41767 0.41767 2 2 0
1.33503 0.416694 0.416694 2 2 0
1.33481 0.415719 0.415719 2 2 0
1.33459 0.414744 0.414744 2 2 0
1.33436 0.41377 0.41377 2 2 0
1.33414 0.412796 0.412796 2 2 0
1.3339 0.411823 0.411823 2 2 0
1.33367 0.410851 0.410851 2 2 0
1.33343 0.409879 0.409879 2 2 0
1.3332 0.408908 0.408908 2 2 0
1.33296 0.407938 0.407938 2 2 0
1.33271 0.406968 0.406968 2 2 0
1.33247 0.405998 0.405998 2 2 0
1.33222 0.40503 0.40503 2 2 0
1.33197 0.404062 0.404062 2 2 0
1.33171 0.403094 0.403094 2 2 0
1.33146 0.402127 0.402127 2 2 0
1.3312 0.401161 0.401161 2 2 0
1.33094 0.400196 0.400196 2 2 0
1.33068 0.399231 0.399231 2 2 0
1.33041 0.398267 0.398267 2 2 0
1.33014 0.397303 0.397303 2 2 0
1.32987 0.396341 0.396341 2 2 0
1.3296 0.395379 0.395379 2 2 0
1.32932 0.394417 0.394417 2 2 0
1.32905 0.393456 0.393456 2 2 0
1.32877 0.392496 0.392496 2 2 0
1.32849 0.391537 0.391537 2 2 0
1.3282 0.390578 0.390578 2 2 0
1.32791 0.38962 0.38962 2 2 0
1.32762 0.388663 0.388663 2 2 0
1.32733 0.387707 0.387707 2 2 0
1.32704 0.386751 0.386751 2 2 0
1.32674 0.385796 0.385796 2 2 0
1.32644 0.384842 0.384842 2 2 0
1.32614 0.383888 0.383888 2 2 0
1.32584 0.382935 0.382935 2 2 0
1.32553 0.381983 0.381983 2 2 0
1.32522 0.381032 0.381032 2 2 0
1.32491 0.380081 0.380081 2 2 0
1.3246 0.379132 0.379132 2 2 0
1.32429 0.378183 0.378183 2 2 0
1.32397 0.377234 0.377234 2 2 0
1.32365 0.376287 0.376287 2 2 0
1.32333 0.37534 0.37534 2 2 0
1.323 0.374394 0.374394 2 2 0
1.32267 0.373449 0.373449 2 2 0
1.32235 0.372505 0.372505 2 2 0
1.32201 0.371561 0.371561 2 2 0
1.32168 0.370619 0.370619 2 2 0
1.32134 0.369677 0.369677 2 2 0
1.32101 0.368736 0.368736 2 2 0
1.32067 0.367796 0.367796 2 2 0
1.32032 0.366856 0.366856 2 2 0
1.31998 0.365918 0.365918 2 2 0
1.31963 0.36498 0.36498 2 2 0
1.31928 0.364043 0.364043 2 2 0
1.31893 0.363107 0.363107 2 2 0
1.31858 0.362171 0.362171 2 2 0
1.31822 0.361237 0.361237 2 2 0
1.31786 0.360303 0.360303 2 2 0
1.3175 0.359371 0.359371 2 2 0
1.31714 0.358439 0.358439 2 2 0
1.31677 0.357508 0.357508 2 2 0
1.3164 0.356578 0.356578 2 2 0
1.31604 0.355648 0.355648 2 2 0
1.31566 0.35472 0.35472 2 2 0
1.31529 0.353793 0.353793 2 2 0
1.31491 0.352866 0.352866 2 2 0
1.31454 0.35194 0.35194 2 2 0
1.31416 0.351015 0.351015 2 2 0
1.31377 0.350091 0.350091 2 2 0
1.31339 0.349168 0.349168 2 2 0
1.313 0.348246 0.348246 2 2 0
1.31261 0.347325 0.347325 2 2 0
1.31222 0.346405 0.346405 2 2 0
1.31183 0.345485 0.345485 2 2 0
1.31143 0.344567 0.344567 2 2 0
1.31104 0.343649 0.343649 2 2 0
1.31064 0.342732 0.342732 2 2 0
1.31023 0.341817 0.341817 2 2 0
1.30983 0.340902 0.340902 2 2 0
1.30942 0.339988 0.339988 2 2 0
1.30902 0.339075 0.339075 2 2 0
1.30861 0.338163 0.338163 2 2 0
1.30819 0.337252 0.337252 2 2 0
1.30778 0.336342 0.336342 2 2 0
1.30736 0.335432 0.335432 2 2 0
1.30694 0.334524 0.334524 2 2 0
1.30652 0.333617 0.333617 2 2 0
1.3061 0.33271 0.33271 2 2 0
1.30568 0.331805 0.331805 2 2 0
1.30525 0.330901 0.330901 2 2 0
1.30482 0.329997 0.329997 2 2 0
1.30439 0.329095 0.329095 2 2 0
1.30396 0.328193 0.328193 2 2 0
1.30352 0.327293 0.327293 2 2 0
1.30309 0.326393 0.326393 2 2 0
1.30265 0.325494 0.325494 2 2 0
1.30221 0.324597 0.324597 2 2 0
1.30176 0.3237 0.3237 2 2 0
1.30132 0.322804 0.322804 2 2 0
1.30087 0.32191 0.32191 2 2 0
1.30042 0.321016 0.321016 2 2 0
1.29997 0.320123 0.320123 2 2 0
1.29952 0.319232 0.319232 2 2 0
1.29907 0.318341 0.318341 2 2 0
1.29861 0.317451 0.317451 2 2 0
1.29815 0.316563 0.316563 2 2 0
1.29769 0.315675 0.315675 2 2 0
1.29723 0.314788 0.314788 2 2 0
1.29676 0.313903 0.313903 2 2 0
1.2963 0.313018 0.313018 2 2 0
1.29583 0.312134 0.312134 2 2 0
1.29536 0.311252 0.311252 2 2 0
1.29489 0.31037 0.31037 2 2 0
1.29441 0.30949 0.30949 2 2 0
1.29394 0.30861 0.30861 2 2 0
1.29346 0.307732 0.307732 2 2 0
1.29298 0.306854 0.306854 2 2 0
1.2925 0.305978 0.305978 2 2 0
1.29202 0.305102 0.305102 2 2 0
1.29153 0.304228 0.304228 2 2 0
1.29104 0.303355 0.303355 2 2 0
1.29055 0.302482 0.302482 2 2 0
1.29006 0.301611 0.301611 2 2 0
1.28957 0.300741 0.300741 2 2 0
1.28908 0.299872 0.299872 2 2 0
1.28858 0.299004 0.299004 2 2 0
1.28808 0.298136 0.298136 2 2 0
1.28758 0.29727 0.29727 2 2 0
1.28708 0.296405 0.296405 2 2 0
1.28658 0.295542 0.295542 2 2 0
1.28607 0.294679 0.294679 2 2 0
1.28556 0.293817 0.293817 2 2 0
1.28505 0.292956 0.292956 2 2 0
1.28454 0.292096 0.292096 2 2 0
1.28403 0.291238 0.291238 2 2 0
1.28352 0.29038 0.29038 2 2 0
1.283 0.289524 0.289524 2 2 0
1.28248 0.288668 0.288668 2 2 0
1.28196 0.287814 0.287814 2 2 0
1.28144 0.286961 0.286961 2 2 0
1.28092 0.286108 0.286108 2 2 0
1.28039 0.285257 0.285257 2 2 0
1.27987 0.284407 0.284407 2 2 0
1.27934 0.283558 0.283558 2 2 0
1.27881 0.28271 0.28271 2 2 0
1.27828 0.281863 0.281863 2 2 0
1.27774 0.281018 0.281018 2 2 0
1.27721 0.280173 0.280173 2 2 0
1.27667 0.279329 0.279329 2 2 0
1.27613 0.278487 0.278487 2 2 0
1.27559 0.277645 0.277645 2 2 0
1.27505 0.276805 0.276805 2 2 0
1.27451 0.275966 0.275966 2 2 0
1.27396 0.275127 0.275127 2 2 0
1.27341 0.27429 0.27429 2 2 0
1.27286 0.273454 0.273454 2 2 0
1.27231 0.272619 0.272619 2 2 0
1.27176 0.271786 0.271786 2 2 0
1.27121 0.270953 0.270953 2 2 0
1.27065 0.270121 0.270121 2 2 0
1.2701 0.269291 0.269291 2 2 0
1.26954 0.268461 0.268461 2 2 0
1.26898 0.267633 0.267633 2 2 0
1.26842 0.266806 0.266806 2 2 0
1.26785 0.265979 0.265979 2 2 0
1.26729 0.265154 0.265154 2 2 0
1.26672 0.26433 0.26433 2 2 0
1.26615 0.263508 0.263508 2 2 0
1.26558 0.262686 0.262686 2 2 0
1.26501 0.261865 0.261865 2 2 0
1.26444 0.261046 0.261046 2 2 0
1.26386 0.260227 0.260227 2 2 0
1.26329 0.25941 0.25941 2 2 0
1.26271 0.258594 0.258594 2 2 0
1.26213 0.257778 0.257778 2 2 0
1.26155 0.256964 0.256964 2 2 0
1.26097 0.256151 0.256151 2 2 0
1.26038 0.25534 0.25534 2 2 0
1.2598 0.254529 0.254529 2 2 0
1.25921 0.253719 0.253719 2 2 0
1.25862 0.252911 0.252911 2 2 0
1.25803 0.252103 0.252103 2 2 0
1.25744 0.251297 0.251297 2 2 0
1.25685 0.250492 0.250492 2 2 0
1.25625 0.249688 0.249688 2 2 0
1.25566 0.248885 0.248885 2 2 0
1.25506 0.248083 0.248083 2 2 0
1.25446 0.247282 0.247282 2 2 0
1.25386 0.246483 0.246483 2 2 0
1.25326 0.245684 0.245684 2 2 0
1.25265 0.244887 0.244887 2 2 0
1.25205 0.244091 0.244091 2 2 0
1.25144 0.243296 0.243296 2 2 0
1.25084 0.242501 0.242501 2 2 0
1.25023 0.241709 0.241709 2 2 0
1.24962 0.240917 0.240917 2 2 0
1.249 0.240126 0.240126 2 2 0
1.24839 0.239336 0.239336 2 2 0
1.24777 0.238548 0.238548 2 2 0
1.24716 0.237761 0.237761 2 2 0
1.24654 0.236974 0.236974 2 2 0
1.24592 0.236189 0.236189 2 2 0
1.2453 0.235405 0.235405 2 2 0
1.24468 0.234622 0.234622 2 2 0
1.24405 0.23384 0.23384 2 2 0
1.24343 0.23306 0.23306 2 2 0
1.2428 0.23228 0.23228 2 2 0
1.24218 0.231502 0.231502 2 2 0
1.24155 0.230724 0.230724 2 2 0
1.24092 0.229948 0.229948 2 2 0
1.24028 0.229173 0.229173 2 2 0
1.23965 0.228399 0.228399 2 2 0
1.23902 0.227626 0.227626 2 2 0
1.23838 0.226854 0.226854 2 2 0
1.23774 0.226084 0.226084 2 2 0
1.2371 0.225314 0.225314 2 2 0
1.23646 0.224546 0.224546 2 2 0
1.23582 0.223778 0.223778 2 2 0
1.23518 0.223012 0.223012 2 2 0
1.23454 0.222247 0.222247 2 2 0
1.23389 0.221483 0.221483 2 2 0
1.23325 0.22072 0.22072 2 2 0
1.2326 0.219959 0.219959 2 2 0
1.23195 0.219198 0.219198 2 2 0
1.2313 0.218438 0.218438 2 2 0
1.23065 0.21768 0.21768 2 2 0
1.22999 0.216923 0.216923 2 2 0
1.22934 0.216166 0.216166 2 2 0
1.22868 0.215411 0.215411 2 2 0
1.22803 0.214657 0.214657 2 2 0
1.22737 0.213904 0.213904 2 2 0
1.22671 0.213153 0.213153 2 2 0
1.22605 0.212402 0.212402 2 2 0
1.22539 0.211652 0.211652 2 2 0
1.22472 0.210904 0.210904 2 2 0
1.22406 0.210157 0.210157 2 2 0
1.22339 0.20941 0.20941 2 2 0
1.22273 0.208665 0.208665 2 2 0
1.22206 0.207921 0.207921 2 2 0
1.22139 0.207178 0.207178 2 2 0
1.22072 0.206436 0.206436 2 2 0
1.22005 0.205696 0.205696 2 2 0
1.21937 0.204956 0.204956 2 2 0
1.2187 0.204217 0.204217 2 2 0
1.21802 0.20348 0.20348 2 2 0
1.21735 0.202744 0.202744 2 2 0
1.21667 0.202008 0.202008 2 2 0
1.21599 0.201274 0.201274 2 2 0
1.21531 0.200541 0.200541 2 2 0
1.21463 0.199809 0.199809 2 2 0
1.21395 0.199078 0.199078 2 2 0
1.21326 0.198349 0.198349 2 2 0
1.21258 0.19762 0.19762 2 2 0
1.21189 0.196892 0.196892 2 2 0
1.2112 0.196166 0.196166 2 2 0
1.21052 0.195441 0.195441 2 2 0
1.20983 0.194716 0.194716 2 2 0
1.20914 0.193993 0.193993 2 2 0
1.20844 0.193271 0.193271 2 2 0
1.20775 0.19255 0.19255 2 2 0
1.20706 0.19183 0.19183 2 2 0
1.20636 0.191111 0.191111 2 2 0
1.20567 0.190393 0.190393 2 2 0
1.20497 0.189677 0.189677 2 2 0
1.20427 0.188961 0.188961 2 2 0
1.20357 0.188247 0.188247 2 2 0
1.20287 0.187533 0.187533 2 2 0
1.20217 0.186821 0.186821 2 2 0
1.20146 0.186109 0.186109 2 2 0
1.20076 0.185399 0.185399 2 2 0
1.20006 0.18469 0.18469 2 2 0
1.19935 0.183982 0.183982 2 2 0
1.19864 0.183275 0.183275 2 2 0
1.19793 0.182569 0.182569 2 2 0
1.19722 0.181864 0.181864 2 2 0
1.19651 0.181161 0.181161 2 2 0
1.1958 0.180458 0.180458 2 2 0
1.19509 0.179756 0.179756 2 2 0
1.19438 0.179056 0.179056 2 2 0
1.19366 0.178356 0.178356 2 2 0
1.19295 0.177658 0.177658 2 2 0
1.19223 0.17696 0.17696 2 2 0
1.19151 0.176264 0.176264 2 2 0
1.19079 0.175569 0.175569 2 2 0
1.19007 0.174875 0.174875 2 2 0
1.18935 0.174182 0.174182 2 2 0
1.18863 0.17349 0.17349 2 2 0
1.18791 0.172799 0.172799 2 2 0
1.18718 0.172109 0.172109 2 2 0
1.18646 0.17142 0.17142 2 2 0
1.18573 0.170732 0.170732 2 2 0
1.18501 0.170045 0.170045 2 2 0
1.18428 0.169359 0.169359 2 2 0
1.18355 0.168674 0.168674 2 2 0
1.18282 0.167991 0.167991 2 2 0
1.18209 0.167308 0.167308 2 2 0
1.18136 0.166627 0.166627 2 2 0
1.18062 0.165946 0.165946 2 2 0
1.17989 0.165267 0.165267 2 2 0
1.17916 0.164588 0.164588 2 2 0
1.17842 0.163911 0.163911 2 2 0
1.17768 0.163234 0.163234 2 2 0
1.17695 0.162559 0.162559 2 2 0
1.17621 0.161885 0.161885 2 2 0
1.17547 0.161211 0.161211 2 2 0
1.17473 0.160539 0.160539 2 2 0
1.17399 0.159868 0.159868 2 2 0
1.17324 0.159197 0.159197 2 2 0
1.1725 0.158528 0.158528 2 2 0
1.17176 0.15786 0.15786 2 2 0
1.17101 0.157193 0.157193 2 2 0
1.17027 0.156527 0.156527 2 2 0
1.16952 0.155862 0.155862 2 2 0
1.16877 0.155197 0.155197 2 2 0
1.16802 0.154534 0.154534 2 2 0
1.16727 0.153872 0.153872 2 2 0
1.16652 0.153211 0.153211 2 2 0
1.16577 0.152551 0.152551 2 2 0
1.16502 0.151892 0.151892 2 2 0
1.16427 0.151234 0.151234 2 2 0
1.16351 0.150577 0.150577 2 2 0
1.16276 0.149921 0.149921 2 2 0
1.162 0.149266 0.149266 2 2 0
1.16125 0.148611 0.148611 2 2 0
1.16049 0.147958 0.147958 2 2 0
1.15973 0.147306 0.147306 2 2 0
1.15897 0.146655 0.146655 2 2 0
1.15821 0.146005 0.146005 2 2 0
1.15745 0.145356 0.145356 2 2 0
1.15669 0.144707 0.144707 2 2 0
1.15593 0.14406 0.14406 2 2 0
1.15517 0.143414 0.143414 2 2 0
1.1544 0.142769 0.142769 2 2 0
1.15364 0.142124 0.142124 2 2 0
1.15287 0.141481 0.141481 2 2 0
1.15211 0.140839 0.140839 2 2 0
1.15134 0.140197 0.140197 2 2 0
1.15057 0.139557 0.139557 2 2 0
1.1498 0.138917 0.138917 2 2 0
1.14903 0.138279 0.138279 2 2 0
1.14826 0.137641 0.137641 2 2 0
1.14749 0.137005 0.137005 2 2 0
1.14672 0.136369 0.136369 2 2 0
1.14595 0.135734 0.135734 2 2 0
1.14517 0.1351 0.1351 2 2 0
1.1444 0.134467 0.134467 2 2 0
1.14362 0.133835 0.133835 2 2 0
1.14285 0.133204 0.133204 2 2 0
1.14207 0.132574 0.132574 2 2 0
1.14129 0.131945 0.131945 2 2 0
1.14052 0.131317 0.131317 2 2 0
1.13974 0.13069 0.13069 2 2 0
1.13896 0.130063 0.130063 2 2 0
1.13818 0.129438 0.129438 2 2 0
1.1374 0.128813 0.128813 2 2 0
1.13661 0.12819 0.12819 2 2 0
1.13583 0.127567 0.127567 2 2 0
1.13505 0.126945 0.126945 2 2 0
1.13426 0.126324 0.126324 2 2 0
1.13348 0.125704 0.125704 2 2 0
1.13269 0.125085 0.125085 2 2 0
1.13191 0.124467 0.124467 2 2 0
1.13112 0.123849 0.123849 2 2 0
1.13033 0.123233 0.123233 2 2 0
1.12955 0.122617 0.122617 2 2 0
1.12876 0.122003 0.122003 2 2 0
1.12797 0.121389 0.121389 2 2 0
1.12718 0.120776 0.120776 2 2 0
1.12639 0.120164 0.120164 2 2 0
1.1256 0.119552 0.119552 2 2 0
1.1248 0.118942 0.118942 2 2 0
1.12401 0.118332 0.118332 2 2 0
1.12322 0.117724 0.117724 2 2 0
1.12242 0.117116 0.117116 2 2 0
1.12163 0.116509 0.116509 2 2 0
1.12083 0.115902 0.115902 2 2 0
1.12004 0.115297 0.115297 2 2 0
1.11924 0.114693 0.114693 2 2 0
1.11844 0.114089 0.114089 2 2 0
1.11765 0.113486 0.113486 2 2 0
1.11685 0.112884 0.112884 2 2 0
1.11605 0.112283 0.112283 2 2 0
1.11525 0.111682 0.111682 2 2 0
1.11445 0.111083 0.111083 2 2 0
1.11365 0.110484 0.110484 2 2 0
1.11285 0.109886 0.109886 2 2 0
1.11204 0.109288 0.109288 2 2 0
1.11124 0.108692 0.108692 2 2 0
1.11044 0.108096 0.108096 2 2 0
1.10964 0.107501 0.107501 2 2 0
1.10883 0.106907 0.106907 2 2 0
1.10803 0.106313 0.106313 2 2 0
1.10722 0.105721 0.105721 2 2 0
1.10641 0.105129 0.105129 2 2 0
1.10561 0.104538 0.104538 2 2 0
1.1048 0.103947 0.103947 2 2 0
1.10399 0.103357 0.103357 2 2 0
1.10319 0.102768 0.102768 2 2 0
1.10238 0.10218 0.10218 2 2 0
1.10157 0.101593 0.101593 2 2 0
1.10076 0.101006 0.101006 2 2 0
1.09995 0.10042 0.10042 2 2 0
1.09914 0.0998341 0.0998341 2 2 0
1.09833 0.0992493 0.0992493 2 2 0
1.09751 0.0986652 0.0986652 2 2 0
1.0967 0.0980818 0.0980818 2 2 0
1.09589 0.097499 0.097499 2 2 0
1.09508 0.0969169 0.0969169 2 2 0
1.09426 0.0963354 0.0963354 2 2 0
1.09345 0.0957546 0.0957546 2 2 0
1.09263 0.0951744 0.0951744 2 2 0
1.09182 0.0945948 0.0945948 2 2 0
1.091 0.0940159 0.0940159 2 2 0
1.09019 0.0934376 0.0934376 2 2 0
1.08937 0.0928598 0.0928598 2 2 0
1.08855 0.0922827 0.0922827 2 2 0
1.08774 0.0917062 0.0917062 2 2 0
1.08692 0.0911302 0.0911302 2 2 0
1.0861 0.0905548 0.0905548 2 2 0
1.08528 0.0899799 0.0899799 2 2 0
1.08447 0.0894056 0.0894056 2 2 0
1.08365 0.0888318 0.0888318 2 2 0
1.08283 0.0882586 0.0882586 2 2 0
1.08201 0.0876858 0.0876858 2 2 0
1.08119 0.0871136 0.0871136 2 2 0
1.08037 0.0865419 0.0865419 2 2 0
1.07955 0.0859706 0.0859706 2 2 0
1.07873 0.0853999 0.0853999 2 2 0
1.0779 0.0848295 0.0848295 2 2 0
1.07708 0.0842597 0.0842597 2 2 0
1.07626 0.0836902 0.0836902 2 2 0
1.07544 0.0831212 0.0831212 2 2 0
1.07462 0.0825526 0.0825526 2 2 0
1.07379 0.0819844 0.0819844 2 2 0
1.07297 0.0814165 0.0814165 2 2 0
1.07215 0.0808491 0.0808491 2 2 0
1.07132 0.080282 0.080282 2 2 0
1.0705 0.0797152 0.0797152 2 2 0
1.06967 0.0791487 0.0791487 2 2 0
1.06885 0.0785826 0.0785826 2 2 0
1.06803 0.0780167 0.0780167 2 2 0
1.0672 0.0774512 0.0774512 2 2 0
1.06638 0.0768858 0.0768858 2 2 0
1.06555 0.0763207 0.0763207 2 2 0
1.06473 0.0757559 0.0757559 2 2 0
1.0639 0.0751912 0.0751912 2 2 0
1.06307 0.0746267 0.0746267 2 2 0
1.06225 0.0740624 0.0740624 2 2 0
1.06142 0.0734982 0.0734982 2 2 0
1.0606 0.0729341 0.0729341 2 2 0
1.05977 0.0723701 0.0723701 2 2 0
1.05895 0.0718062 0.0718062 2 2 0
1.05812 0.0712424 0.0712424 2 2 0
1.05729 0.0706786 0.0706786 2 2 0
1.05647 0.0701147 0.0701147 2 2 0
1.05564 0.0695509 0.0695509 2 2 0
1.05482 0.068987 0.068987 2 2 0
1.05399 0.068423 0.068423 2 2 0
1.05317 0.0678589 0.0678589 2 2 0
1.05234 0.0672946 0.0672946 2 2 0
1.05151 0.0667302 0.0667302 2 2 0
1.05069 0.0661656 0.0661656 2 2 0
1.04986 0.0656007 0.0656007 2 2 0
1.04904 0.0650356 0.0650356 2 2 0
1.04821 0.0644701 0.0644701 2 2 0
1.04739 0.0639043 0.0639043 2 2 0
1.04656 0.0633382 0.0633382 2 2 0
1.04574 0.0627715 0.0627715 2 2 0
1.04492 0.0622044 0.0622044 2 2 0
1.04409 0.0616368 0.0616368 2 2 0
1.04327 0.0610687 0.0610687 2 2 0
1.04245 0.0604999 0.0604999 2 2 0
1.04163 0.0599304 0.0599304 2 2 0
1.04081 0.0593602 0.0593602 2 2 0
1.03998 0.0587893 0.0587893 2 2 0
1.03916 0.0582175 0.0582175 2 2 0
1.03834 0.0576449 0.0576449 2 2 0
1.03752 0.0570712 0.0570712 2 2 0
1.03671 0.0564966 0.0564966 2 2 0
1.03589 0.0559208 0.0559208 2 2 0
1.03507 0.0553439 0.0553439 2 2 0
1.03426 0.0547658 0.0547658 2 2 0
1.03344 0.0541863 0.0541863 2 2 0
1.03263 0.0536054 0.0536054 2 2 0
1.03181 0.053023 0.053023 2 2 0
1.031 0.052439 0.052439 2 2 0
1.03019 0.0518532 0.0518532 2 2 0
1.02938 0.0512657 0.0512657 2 2 0
1.02857 0.0506763 0.0506763 2 2 0
1.02777 0.0500848 0.0500848 2 2 0
1.02696 0.0494911 0.0494911 2 2 0
1.02616 0.0488951 0.0488951 2 2 0
1.02536 0.0482967 0.0482967 2 2 0
1.02456 0.0476957 0.0476957 2 2 0
1.02376 0.0470919 0.0470919 2 2 0
1.02297 0.0464851 0.0464851 2 2 0
1.02218 0.0458752 0.0458752 2 2 0
1.02139 0.045262 0.045262 2 2 0
1.0206 0.0446453 0.0446453 2 2 0
1.01981 0.0440247 0.0440247 2 2 0
1.01903 0.0434002 0.0434002 2 2 0
1.01826 0.0427714 0.0427714 2 2 0
1.01748 0.042138 0.042138 2 2 0
1.01671 0.0414997 0.0414997 2 2 0
1.01595 0.0408562 0.0408562 2 2 0
1.01519 0.0402072 0.0402072 2 2 0
1.01443 0.0395522 0.0395522 2 2 0
1.01368 0.0388909 0.0388909 2 2 0
1.01294 0.0382227 0.0382227 2 2 0
1.0122 0.0375472 0.0375472 2 2 0
1.01147 0.0368638 0.0368638 2 2 0
1.01075 0.0361721 0.0361721 2 2 0
1.01003 0.0354712 0.0354712 2 2 0
1.00933 0.0347606 0.0347606 2 2 0
1.00864 0.0340396 0.0340396 2 2 0
1.00796 0.0333072 0.0333072 2 2 0
1.00729 0.0325628 0.0325628 2 2 0
1.00663 0.0318053 0.0318053 2 2 0
1.006 0.0310338 0.0310338 2 2 0
1.00538 0.0302473 0.0302473 2 2 0
1.00478 0.0294449 0.0294449 2 2 0
1.00421 0.0286255 0.0286255 2 2 0
1.00366 0.0277884 0.0277884 2 2 0
1.00314 0.0269326 0.0269326 2 2 0
1.00266 0.0260577 0.0260577 2 2 0
1.00221 0.0251635 0.0251635 2 2 0
1.0018 0.0242504 0.0242504 2 2 0
1.00143 0.0233191 0.0233191 2 2 0
1.00111 0.0223711 0.0223711 2 2 0
1.00083 0.0214086 0.0214086 2 2 0
1.0006 0.020434 0.020434 2 2 0
1.00042 0.0194501 0.0194501 2 2 0
1.00027 0.0184597 0.0184597 2 2 0
1.00016 0.0174651 0.0174651 2 2 0
1.00008 0.0164684 0.0164684 2 2 0
1.00008 0.0164684 0.0164684 2 2 0
1.34437 0.5 0.5 2 2 0
1.34437 0.501 0.501 2 2 0
1.34437 0.502 0.502 2 2 0
1.34436 0.503 0.503 2 2 0
1.34435 0.504 0.504 2 2 0
1.34434 0.505 0.505 2 2 0
1.34433 0.506 0.506 2 2 0
1.34431 0.507 0.507 2 2 0
1.34429 0.507999 0.507999 2 2 0
1.34427 0.508999 0.508999 2 2 0
1.34424 0.509999 0.509999 2 2 0
1.34421 0.510998 0.510998 2 2 0
1.34418 0.511998 0.511998 2 2 0
1.34415 0.512997 0.512997 2 2 0
1.34411 0.513997 0.513997 2 2 0
1.34407 0.514996 0.514996 2 2 0
1.34403 0.515995 0.515995 2 2 0
1.34399 0.516994 0.516994 2 2 0
1.34394 0.517993 0.517993 2 2 0
1.34389 0.518992 0.518992 2 2 0
1.34384 0.519991 0.519991 2 2 0
1.34378 0.520989 0.520989 2 2 0
1.34373 0.521987 0.521987 2 2 0
1.34367 0.522986 0.522986 2 2 0
1.3436 0.523984 0.523984 2 2 0
1.34354 0.524981 0.524981 2 2 0
1.34347 0.525979 0.525979 2 2 0
1.3434 0.526977 0.526977 2 2 0
1.34333 0.527974 0.527974 2 2 0
1.34325 0.528971 0.528971 2 2 0
1.34317 0.529968 0.529968 2 2 0
1.34309 0.530965 0.530965 2 2 0
1.34301 0.531961 0.531961 2 2 0
1.34292 0.532957 0.532957 2 2 0
1.34283 0.533953 0.533953 2 2 0
1.34274 0.534949 0.534949 2 2 0
1.34264 0.535945 0.535945 2 2 0
1.34254 0.53694 0.53694 2 2 0
1.34245 0.537935 0.537935 2 2 0
1.34234 0.53893 0.53893 2 2 0
1.34224 0.539924 0.539924 2 2 0
1.34213 0.540918 0.540918 2 2 0
1.34202 0.541912 0.541912 2 2 0
1.34191 0.542906 0.542906 2 2 0
1.34179 0.543899 0.543899 2 2 0
1.34167 0.544892 0.544892 2 2 0
1.34155 0.545885 0.545885 2 2 0
1.34143 0.546877 0.546877 2 2 0
1.3413 0.547869 0.547869 2 2 0
1.34117 0.548861 0.548861 2 2 0
1.34104 0.549852 0.549852 2 2 0
1.34091 0.550843 0.550843 2 2 0
1.34077 0.551834 0.551834 2 2 0
1.34063 0.552824 0.552824 2 2 0
1.34049 0.553814 0.553814 2 2 0
1.34034 0.554803 0.554803 2 2 0
1.3402 0.555792 0.555792 2 2 0
1.34005 0.556781 0.556781 2 2 0
1.33989 0.557769 0.557769 2 2 0
1.33974 0.558757 0.558757 2 2 0
1.33958 0.559745 0.559745 2 2 0
1.33942 0.560732 0.560732 2 2 0
1.33926 0.561719 0.561719 2 2 0
1.33909 0.562705 0.562705 2 2 0
1.33893 0.563691 0.563691 2 2 0
1.33876 0.564676 0.564676 2 2 0
1.33858 0.565661 0.565661 2 2 0
1.33841 0.566645 0.566645 2 2 0
1.33823 0.56763 0.56763 2 2 0
1.33805 0.568613 0.568613 2 2 0
1.33787 0.569596 0.569596 2 2 0
1.33768 0.570579 0.570579 2 2 0
1.33749 0.571561 0.571561 2 2 0
1.3373 0.572542 0.572542 2 2 0
1.33711 0.573524 0.573524 2 2 0
1.33691 0.574504 0.574504 2 2 0
1.33671 0.575484 0.575484 2 2 0
1.33651 0.576464 0.576464 2 2 0
1.33631 0.577443 0.577443 2 2 0
1.3361 0.578422 0.578422 2 2 0
1.33589 0.5794 0.5794 2 2 0
1.33568 0.580377 0.580377 2 2 0
1.33547 0.581354 0.581354 2 2 0
1.33525 0.58233 0.58233 2 2 0
1.33503 0.583306 0.583306 2 2 0
1.33481 0.584281 0.584281 2 2 0
1.33459 0.585256 0.585256 2 2 0
1.33436 0.58623 0.58623 2 2 0
1.33414 0.587204 0.587204 2 2 0
1.3339 0.588177 0.588177 2 2 0
1.33367 0.589149 0.589149 2 2 0
1.33343 0.590121 0.590121 2 2 0
1.3332 0.591092 0.591092 2 2 0
1.33296 0.592062 0.592062 2 2 0
1.33271 0.593032 0.593032 2 2 0
1.33247 0.594002 0.594002 2 2 0
1.33222 0.59497 0.59497 2 2 0
1.33197 0.595938 0.595938 2 2 0
1.33171 0.596906 0.596906 2 2 0
1.33146 0.597873 0.597873 2 2 0
1.3312 0.598839 0.598839 2 2 0
1.33094 0.599804 0.599804 2 2 0
1.33068 0.600769 0.600769 2 2 0
1.33041 0.601733 0.601733 2 2 0
1.33014 0.602697 0.602697 2 2 0
1.32987 0.603659 0.603659 2 2 0
1.3296 0.604621 0.604621 2 2 0
1.32932 0.605583 0.605583 2 2 0
1.32905 0.606544 0.606544 2 2 0
1.32877 0.607504 0.607504 2 2 0
1.32849 0.608463 0.608463 2 2 0
1.3282 0.609422 0.609422 2 2 0
1.32791 0.61038 0.61038 2 2 0
1.32762 0.611337 0.611337 2 2 0
1.32733 0.612293 0.612293 2 2 0
1.32704 0.613249 0.613249 2 2 0
1.32674 0.614204 0.614204 2 2 0
1.32644 0.615158 0.615158 2 2 0
1.32614 0.616112 0.616112 2 2 0
1.32584 0.617065 0.617065 2 2 0
1.32553 0.618017 0.618017 2 2 0
1.32522 0.618968 0.618968 2 2 0
1.32491 0.619919 0.619919 2 2 0
1.3246 0.620868 0.620868 2 2 0
1.32429 0.621817 0.621817 2 2 0
1.32397 0.622766 0.622766 2 2 0
1.32365 0.623713 0.623713 2 2 0
1.32333 0.62466 0.62466 2 2 0
1.323 0.625606 0.625606 2 2 0
1.32267 0.626551 0.626551 2 2 0
1.32235 0.627495 0.627495 2 2 0
1.32201 0.628439 0.628439 2 2 0
1.32168 0.629381 0.629381 2 2 0
1.32134 0.630323 0.630323 2 2 0
1.32101 0.631264 0.631264 2 2 0
1.32067 0.632204 0.632204 2 2 0
1.32032 0.633144 0.633144 2 2 0
1.31998 0.634082 0.634082 2 2 0
1.31963 0.63502 0.63502 2 2 0
1.31928 0.635957 0.635957 2 2 0
1.31893 0.636893 0.636893 2 2 0
1.31858 0.637829 0.637829 2 2 0
1.31822 0.638763 0.638763 2 2 0
1.31786 0.639697 0.639697 2 2 0
1.3175 0.640629 0.640629 2 2 0
1.31714 0.641561 0.641561 2 2 0
1.31677 0.642492 0.642492 2 2 0
1.3164 0.643422 0.643422 2 2 0
1.31604 0.644352 0.644352 2 2 0
1.31566 0.64528 0.64528 2 2 0
1.31529 0.646207 0.646207 2 2 0
1.31491 0.647134 0.647134 2 2 0
1.31454 0.64806 0.64806 2 2 0
1.31416 0.648985 0.648985 2 2 0
1.31377 0.649909 0.649909 2 2 0
1.31339 0.650832 0.650832 2 2 0
1.313 0.651754 0.651754 2 2 0
1.31261 0.652675 0.652675 2 2 0
1.31222 0.653595 0.653595 2 2 0
1.31183 0.654515 0.654515 2 2 0
1.31143 0.655433 0.655433 2 2 0
1.31104 0.656351 0.656351 2 2 0
1.31064 0.657268 0.657268 2 2 0
1.31023 0.658183 0.658183 2 2 0
1.30983 0.659098 0.659098 2 2 0
1.30942 0.660012 0.660012 2 2 0
1.30902 0.660925 0.660925 2 2 0
1.30861 0.661837 0.661837 2 2 0
1.30819 0.662748 0.662748 2 2 0
1.30778 0.663658 0.663658 2 2 0
1.30736 0.664568 0.664568 2 2 0
1.30694 0.665476 0.665476 2 2 0
1.30652 0.666383 0.666383 2 2 0
1.3061 0.66729 0.66729 2 2 0
1.30568 0.668195 0.668195 2 2 0
1.30525 0.669099 0.669099 2 2 0
1.30482 0.670003 0.670003 2 2 0
1.30439 0.670905 0.670905 2 2 0
1.30396 0.671807 0.671807 2 2 0
1.30352 0.672707 0.672707 2 2 0
1.30309 0.673607 0.673607 2 2 0
1.30265 0.674506 0.674506 2 2 0
1.30221 0.675403 0.675403 2 2 0
1.30176 0.6763 0.6763 2 2 0
1.30132 0.677196 0.677196 2 2 0
1.30087 0.67809 0.67809 2 2 0
1.30042 0.678984 0.678984 2 2 0
1.29997 0.679877 0.679877 2 2 0
1.29952 0.680768 0.680768 2 2 0
1.29907 0.681659 0.681659 2 2 0
1.29861 0.682549 0.682549 2 2 0
1.29815 0.683437 0.683437 2 2 0
1.29769 0.684325 0.684325 2 2 0
1.29723 0.685212 0.685212 2 2 0
1.29676 0.686097 0.686097 2 2 0
1.2963 0.686982 0.686982 2 2 0
1.29583 0.687866 0.687866 2 2 0
1.29536 0.688748 0.688748 2 2 0
1.29489 0.68963 0.68963 2 2 0
1.29441 0.69051 0.69051 2 2 0
1.29394 0.69139 0.69139 2 2 0
1.29346 0.692268 0.692268 2 2 0
1.29298 0.693146 0.693146 2 2 0
1.2925 0.694022 0.694022 2 2 0
1.29202 0.694898 0.694898 2 2 0
1.29153 0.695772 0.695772 2 2 0
1.29104 0.696645 0.696645 2 2 0
1.29055 0.697518 0.697518 2 2 0
1.29006 0.698389 0.698389 2 2 0
1.28957 0.699259 0.699259 2 2 0
1.28908 0.700128 0.700128 2 2 0
1.28858 0.700996 0.700996 2 2 0
1.28808 0.701864 0.701864 2 2 0
1.28758 0.70273 0.70273 2 2 0
1.28708 0.703595 0.703595 2 2 0
1.28658 0.704458 0.704458 2 2 0
1.28607 0.705321 0.705321 2 2 0
1.28556 0.706183 0.706183 2 2 0
1.28505 0.707044 0.707044 2 2 0
1.28454 0.707904 0.707904 2 2 0
1.28403 0.708762 0.708762 2 2 0
1.28352 0.70962 0.70962 2 2 0
1.283 0.710476 0.710476 2 2 0
1.28248 0.711332 0.711332 2 2 0
1.28196 0.712186 0.712186 2 2 0
1.28144 0.713039 0.713039 2 2 0
1.28092 0.713892 0.713892 2 2 0
1.28039 0.714743 0.714743 2 2 0
1.27987 0.715593 0.715593 2 2 0
1.27934 0.716442 0.716442 2 2 0
1.27881 0.71729 0.71729 2 2 0
1.27828 0.718137 0.718137 2 2 0
1.27774 0.718982 0.718982 2 2 0
1.27721 0.719827 0.719827 2 2 0
1.27667 0.720671 0.720671 2 2 0
1.27613 0.721513 0.721513 2 2 0
1.27559 0.722355 0.722355 2 2 0
1.27505 0.723195 0.723195 2 2 0
1.27451 0.724034 0.724034 2 2 0
1.27396 0.724873 0.724873 2 2 0
1.27341 0.72571 0.72571 2 2 0
1.27286 0.726546 0.726546 2 2 0
1.27231 0.727381 0.727381 2 2 0
1.27176 0.728214 0.728214 2 2 0
1.27121 0.729047 0.729047 2 2 0
1.27065 0.729879 0.729879 2 2 0
1.2701 0.730709 0.730709 2 2 0
1.26954 0.731539 0.731539 2 2 0
1.26898 0.732367 0.732367 2 2 0
1.26842 0.733194 0.733194 2 2 0
1.26785 0.734021 0.734021 2 2 0
1.26729 0.734846 0.734846 2 2 0
1.26672 0.73567 0.73567 2 2 0
1.26615 0.736492 0.736492 2 2 0
1.26558 0.737314 0.737314 2 2 0
1.26501 0.738135 0.738135 2 2 0
1.26444 0.738954 0.738954 2 2 0
1.26386 0.739773 0.739773 2 2 0
1.26329 0.74059 0.74059 2 2 0
1.26271 0.741406 0.741406 2 2 0
1.26213 0.742222 0.742222 2 2 0
1.26155 0.743036 0.743036 2 2 0
1.26097 0.743849 0.743849 2 2 0
1.26038 0.74466 0.74466 2 2 0
1.2598 0.745471 0.745471 2 2 0
1.25921 0.746281 0.746281 2 2 0
1.25862 0.747089 0.747089 2 2 0
1.25803 0.747897 0.747897 2 2 0
1.25744 0.748703 0.748703 2 2 0
1.25685 0.749508 0.749508 2 2 0
1.25625 0.750312 0.750312 2 2 0
1.25566 0.751115 0.751115 2 2 0
1.25506 0.751917 0.751917 2 2 0
1.25446 0.752718 0.752718 2 2 0
1.25386 0.753517 0.753517 2 2 0
1.25326 0.754316 0.754316 2 2 0
1.25265 0.755113 0.755113 2 2 0
1.25205 0.755909 0.755909 2 2 0
1.25144 0.756704 0.756704 2 2 0
1.25084 0.757499 0.757499 2 2 0
1.25023 0.758291 0.758291 2 2 0
1.24962 0.759083 0.759083 2 2 0
1.249 0.759874 0.759874 2 2 0
1.24839 0.760664 0.760664 2 2 0
1.24777 0.761452 0.761452 2 2 0
1.24716 0.762239 0.762239 2 2 0
1.24654 0.763026 0.763026 2 2 0
1.24592 0.763811 0.763811 2 2 0
1.2453 0.764595 0.764595 2 2 0
1.24468 0.765378 0.765378 2 2 0
1.24405 0.76616 0.76616 2 2 0
1.24343 0.76694 0.76694 2 2 0
1.2428 0.76772 0.76772 2 2 0
1.24218 0.768498 0.768498 2 2 0
1.24155 0.769276 0.769276 2 2 0
1.24092 0.770052 0.770052 2 2 0
1.24028 0.770827 0.770827 2 2 0
1.23965 0.771601 0.771601 2 2 0
1.23902 0.772374 0.772374 2 2 0
1.23838 0.773146 0.773146 2 2 0
1.23774 0.773916 0.773916 2 2 0
1.2371 0.774686 0.774686 2 2 0
1.23646 0.775454 0.775454 2 2 0
1.23582 0.776222 0.776222 2 2 0
1.23518 0.776988 0.776988 2 2 0
1.23454 0.777753 0.777753 2 2 0
1.23389 0.778517 0.778517 2 2 0
1.23325 0.77928 0.77928 2 2 0
1.2326 0.780041 0.780041 2 2 0
1.23195 0.780802 0.780802 2 2 0
1.2313 0.781562 0.781562 2 2 0
1.23065 0.78232 0.78232 2 2 0
1.22999 0.783077 0.783077 2 2 0
1.22934 0.783834 0.783834 2 2 0
1.22868 0.784589 0.784589 2 2 0
1.22803 0.785343 0.785343 2 2 0
1.22737 0.786096 0.786096 2 2 0
1.22671 0.786847 0.786847 2 2 0
1.22605 0.787598 0.787598 2 2 0
1.22539 0.788348 0.788348 2 2 0
1.22472 0.789096 0.789096 2 2 0
1.22406 0.789843 0.789843 2 2 0
1.22339 0.79059 0.79059 2 2 0
1.22273 0.791335 0.791335 2 2 0
1.22206 0.792079 0.792079 2 2 0
1.22139 0.792822 0.792822 2 2 0
1.22072 0.793564 0.793564 2 2 0
1.22005 0.794304 0.794304 2 2 0
1.21937 0.795044 0.795044 2 2 0
1.2187 0.795783 0.795783 2 2 0
1.21802 0.79652 0.79652 2 2 0
1.21735 0.797256 0.797256 2 2 0
1.21667 0.797992 0.797992 2 2 0
1.21599 0.798726 0.798726 2 2 0
1.21531 0.799459 0.799459 2 2 0
1.21463 0.800191 0.800191 2 2 0
1.21395 0.800922 0.800922 2 2 0
1.21326 0.801651 0.801651 2 2 0
1.21258 0.80238 0.80238 2 2 0
1.21189 0.803108 0.803108 2 2 0
1.2112 0.803834 0.803834 2 2 0
1.21052 0.804559 0.804559 2 2 0
1.20983 0.805284 0.805284 2 2 0
1.20914 0.806007 0.806007 2 2 0
1.20844 0.806729 0.806729 2 2 0
1.20775 0.80745 0.80745 2 2 0
1.20706 0.80817 0.80817 2 2 0
1.20636 0.808889 0.808889 2 2 0
1.20567 0.809607 0.809607 2 2 0
1.20497 0.810323 0.810323 2 2 0
1.20427 0.811039 0.811039 2 2 0
1.20357 0.811753 0.811753 2 2 0
1.20287 0.812467 0.812467 2 2 0
1.20217 0.813179 0.813179 2 2 0
1.20146 0.813891 0.813891 2 2 0
1.20076 0.814601 0.814601 2 2 0
1.20006 0.81531 0.81531 2 2 0
1.19935 0.816018 0.816018 2 2 0
1.19864 0.816725 0.816725 2 2 0
1.19793 0.817431 0.817431 2 2 0
1.19722 0.818136 0.818136 2 2 0
1.19651 0.818839 0.818839 2 2 0
1.1958 0.819542 0.819542 2 2 0
1.19509 0.820244 0.820244 2 2 0
1.19438 0.820944 0.820944 2 2 0
1.19366 0.821644 0.821644 2 2 0
1.19295 0.822342 0.822342 2 2 0
1.19223 0.82304 0.82304 2 2 0
1.19151 0.823736 0.823736 2 2 0
1.19079 0.824431 0.824431 2 2 0
1.19007 0.825125 0.825125 2 2 0
1.18935 0.825818 0.825818 2 2 0
1.18863 0.82651 0.82651 2 2 0
1.18791 0.827201 0.827201 2 2 0
1.18718 0.827891 0.827891 2 2 0
1.18646 0.82858 0.82858 2 2 0
1.18573 0.829268 0.829268 2 2 0
1.18501 0.829955 0.829955 2 2 0
1.18428 0.830641 0.830641 2 2 0
1.18355 0.831326 0.831326 2 2 0
1.18282 0.832009 0.832009 2 2 0
1.18209 0.832692 0.832692 2 2 0
1.18136 0.833373 0.833373 2 2 0
1.18062 0.834054 0.834054 2 2 0
1.17989 0.834733 0.834733 2 2 0
1.17916 0.835412 0.835412 2 2 0
1.17842 0.836089 0.836089 2 2 0
1.17768 0.836766 0.836766 2 2 0
1.17695 0.837441 0.837441 2 2 0
1.17621 0.838115 0.838115 2 2 0
1.17547 0.838789 0.838789 2 2 0
1.17473 0.839461 0.839461 2 2 0
1.17399 0.840132 0.840132 2 2 0
1.17324 0.840803 0.840803 2 2 0
1.1725 0.841472 0.841472 2 2 0
1.17176 0.84214 0.84214 2 2 0
1.17101 0.842807 0.842807 2 2 0
1.17027 0.843473 0.843473 2 2 0
1.16952 0.844138 0.844138 2 2 0
1.16877 0.844803 0.844803 2 2 0
1.16802 0.845466 0.845466 2 2 0
1.16727 0.846128 0.846128 2 2 0
1.16652 0.846789 0.846789 2 2 0
1.16577 0.847449 0.847449 2 2 0
1.16502 0.848108 0.848108 2 2 0
1.16427 0.848766 0.848766 2 2 0
1.16351 0.849423 0.849423 2 2 0
1.16276 0.850079 0.850079 2 2 0
1.162 0.850734 0.850734 2 2 0
1.16125 0.851389 0.851389 2 2 0
1.16049 0.852042 0.852042 2 2 0
1.15973 0.852694 0.852694 2 2 0
1.15897 0.853345 0.853345 2 2 0
1.15821 0.853995 0.853995 2 2 0
1.15745 0.854644 0.854644 2 2 0
1.15669 0.855293 0.855293 2 2 0
1.15593 0.85594 0.85594 2 2 0
1.15517 0.856586 0.856586 2 2 0
1.1544 0.857231 0.857231 2 2 0
1.15364 0.857876 0.857876 2 2 0
1.15287 0.858519 0.858519 2 2 0
1.15211 0.859161 0.859161 2 2 0
1.15134 0.859803 0.859803 2 2 0
1.15057 0.860443 0.860443 2 2 0
1.1498 0.861083 0.861083 2 2 0
1.14903 0.861721 0.861721 2 2 0
1.14826 0.862359 0.862359 2 2 0
1.14749 0.862995 0.862995 2 2 0
1.14672 0.863631 0.863631 2 2 0
1.14595 0.864266 0.864266 2 2 0
1.14517 0.8649 0.8649 2 2 0
1.1444 0.865533 0.865533 2 2 0
1.14362 0.866165 0.866165 2 2 0
1.14285 0.866796 0.866796 2 2 0
1.14207 0.867426 0.867426 2 2 0
1.14129 0.868055 0.868055 2 2 0
1.14052 0.868683 0.868683 2 2 0
1.13974 0.86931 0.86931 2 2 0
1.13896 0.869937 0.869937 2 2 0
1.13818 0.870562 0.870562 2 2 0
1.1374 0.871187 0.871187 2 2 0
1.13661 0.87181 0.87181 2 2 0
1.13583 0.872433 0.872433 2 2 0
1.13505 0.873055 0.873055 2 2 0
1.13426 0.873676 0.873676 2 2 0
1.13348 0.874296 0.874296 2 2 0
1.13269 0.874915 0.874915 2 2 0
1.13191 0.875533 0.875533 2 2 0
1.13112 0.876151 0.876151 2 2 0
1.13033 0.876767 0.876767 2 2 0
1.12955 0.877383 0.877383 2 2 0
1.12876 0.877997 0.877997 2 2 0
1.12797 0.878611 0.878611 2 2 0
1.12718 0.879224 0.879224 2 2 0
1.12639 0.879836 0.879836 2 2 0
1.1256 0.880448 0.880448 2 2 0
1.1248 0.881058 0.881058 2 2 0
1.12401 0.881668 0.881668 2 2 0
1.12322 0.882276 0.882276 2 2 0
1.12242 0.882884 0.882884 2 2 0
1.12163 0.883491 0.883491 2 2 0
1.12083 0.884098 0.884098 2 2 0
1.12004 0.884703 0.884703 2 2 0
1.11924 0.885307 0.885307 2 2 0
1.11844 0.885911 0.885911 2 2 0
1.11765 0.886514 0.886514 2 2 0
1.11685 0.887116 0.887116 2 2 0
1.11605 0.887717 0.887717 2 2 0
1.11525 0.888318 0.888318 2 2 0
1.11445 0.888917 0.888917 2 2 0
1.11365 0.889516 0.889516 2 2 0
1.11285 0.890114 0.890114 2 2 0
1.11204 0.890712 0.890712 2 2 0
1.11124 0.891308 0.891308 2 2 0
1.11044 0.891904 0.891904 2 2 0
1.10964 0.892499 0.892499 2 2 0
1.10883 0.893093 0.893093 2 2 0
1.10803 0.893687 0.893687 2 2 0
1.10722 0.894279 0.894279 2 2 0
1.10641 0.894871 0.894871 2 2 0
1.10561 0.895462 0.895462 2 2 0
1.1048 0.896053 0.896053 2 2 0
1.10399 0.896643 0.896643 2 2 0
1.10319 0.897232 0.897232 2 2 0
1.10238 0.89782 0.89782 2 2 0
1.10157 0.898407 0.898407 2 2 0
1.10076 0.898994 0.898994 2 2 0
1.09995 0.89958 0.89958 2 2 0
1.09914 0.900166 0.900166 2 2 0
1.09833 0.900751 0.900751 2 2 0
1.09751 0.901335 0.901335 2 2 0
1.0967 0.901918 0.901918 2 2 0
1.09589 0.902501 0.902501 2 2 0
1.09508 0.903083 0.903083 2 2 0
1.09426 0.903665 0.903665 2 2 0
1.09345 0.904245 0.904245 2 2 0
1.09263 0.904826 0.904826 2 2 0
1.09182 0.905405 0.905405 2 2 0
1.091 0.905984 0.905984 2 2 0
1.09019 0.906562 0.906562 2 2 0
1.08937 0.90714 0.90714 2 2 0
1.08855 0.907717 0.907717 2 2 0
1.08774 0.908294 0.908294 2 2 0
1.08692 0.90887 0.90887 2 2 0
1.0861 0.909445 0.909445 2 2 0
1.08528 0.91002 0.91002 2 2 0
1.08447 0.910594 0.910594 2 2 0
1.08365 0.911168 0.911168 2 2 0
1.08283 0.911741 0.911741 2 2 0
1.08201 0.912314 0.912314 2 2 0
1.08119 0.912886 0.912886 2 2 0
1.08037 0.913458 0.913458 2 2 0
1.07955 0.914029 0.914029 2 2 0
1.07873 0.9146 0.9146 2 2 0
1.0779 0.91517 0.91517 2 2 0
1.07708 0.91574 0.91574 2 2 0
1.07626 0.91631 0.91631 2 2 0
1.07544 0.916879 0.916879 2 2 0
1.07462 0.917447 0.917447 2 2 0
1.07379 0.918016 0.918016 2 2 0
1.07297 0.918583 0.918583 2 2 0
1.07215 0.919151 0.919151 2 2 0
1.07132 0.919718 0.919718 2 2 0
1.0705 0.920285 0.920285 2 2 0
1.06967 0.920851 0.920851 2 2 0
1.06885 0.921417 0.921417 2 2 0
1.06803 0.921983 0.921983 2 2 0
1.0672 0.922549 0.922549 2 2 0
1.06638 0.923114 0.923114 2 2 0
1.06555 0.923679 0.923679 2 2 0
1.06473 0.924244 0.924244 2 2 0
1.0639 0.924809 0.924809 2 2 0
1.06307 0.925373 0.925373 2 2 0
1.06225 0.925938 0.925938 2 2 0
1.06142 0.926502 0.926502 2 2 0
1.0606 0.927066 0.927066 2 2 0
1.05977 0.92763 0.92763 2 2 0
1.05895 0.928194 0.928194 2 2 0
1.05812 0.928758 0.928758 2 2 0
1.05729 0.929321 0.929321 2 2 0
1.05647 0.929885 0.929885 2 2 0
1.05564 0.930449 0.930449 2 2 0
1.05482 0.931013 0.931013 2 2 0
1.05399 0.931577 0.931577 2 2 0
1.05317 0.932141 0.932141 2 2 0
1.05234 0.932705 0.932705 2 2 0
1.05151 0.93327 0.93327 2 2 0
1.05069 0.933834 0.933834 2 2 0
1.04986 0.934399 0.934399 2 2 0
1.04904 0.934964 0.934964 2 2 0
1.04821 0.93553 0.93553 2 2 0
1.04739 0.936096 0.936096 2 2 0
1.04656 0.936662 0.936662 2 2 0
1.04574 0.937228 0.937228 2 2 0
1.04492 0.937796 0.937796 2 2 0
1.04409 0.938363 0.938363 2 2 0
1.04327 0.938931 0.938931 2 2 0
1.04245 0.9395 0.9395 2 2 0
1.04163 0.94007 0.94007 2 2 0
1.04081 0.94064 0.94064 2 2 0
1.03998 0.941211 0.941211 2 2 0
1.03916 0.941782 0.941782 2 2 0
1.03834 0.942355 0.942355 2 2 0
1.03752 0.942929 0.942929 2 2 0
1.03671 0.943503 0.943503 2 2 0
1.03589 0.944079 0.944079 2 2 0
1.03507 0.944656 0.944656 2 2 0
1.03426 0.945234 0.945234 2 2 0
1.03344 0.945814 0.945814 2 2 0
1.03263 0.946395 0.946395 2 2 0
1.03181 0.946977 0.946977 2 2 0
1.031 0.947561 0.947561 2 2 0
1.03019 0.948147 0.948147 2 2 0
1.02938 0.948734 0.948734 2 2 0
1.02857 0.949324 0.949324 2 2 0
1.02777 0.949915 0.949915 2 2 0
1.02696 0.950509 0.950509 2 2 0
1.02616 0.951105 0.951105 2 2 0
1.02536 0.951703 0.951703 2 2 0
1.02456 0.952304 0.952304 2 2 0
1.02376 0.952908 0.952908 2 2 0
1.02297 0.953515 0.953515 2 2 0
1.02218 0.954125 0.954125 2 2 0
1.02139 0.954738 0.954738 2 2 0
1.0206 0.955355 0.955355 2 2 0
1.01981 0.955975 0.955975 2 2 0
1.01903 0.9566 0.9566 2 2 0
1.01826 0.957229 0.957229 2 2 0
1.01748 0.957862 0.957862 2 2 0
1.01671 0.9585 0.9585 2 2 0
1.01595 0.959144 0.959144 2 2 0
1.01519 0.959793 0.959793 2 2 0
1.01443 0.960448 0.960448 2 2 0
1.01368 0.961109 0.961109 2 2 0
1.01294 0.961777 0.961777 2 2 0
1.0122 0.962453 0.962453 2 2 0
1.01147 0.963136 0.963136 2 2 0
1.01075 0.963828 0.963828 2 2 0
1.01003 0.964529 0.964529 2 2 0
1.00933 0.965239 0.965239 2 2 0
1.00864 0.96596 0.96596 2 2 0
1.00796 0.966693 0.966693 2 2 0
1.00729 0.967437 0.967437 2 2 0
1.00663 0.968195 0.968195 2 2 0
1.006 0.968966 0.968966 2 2 0
1.00538 0.969753 0.969753 2 2 0
1.00478 0.970555 0.970555 2 2 0
1.00421 0.971374 0.971374 2 2 0
1.00366 0.972212 0.972212 2 2 0
1.00314 0.973067 0.973067 2 2 0
1.00266 0.973942 0.973942 2 2 0
1.00221 0.974836 0.974836 2 2 0
1.0018 0.97575 0.97575 2 2 0
1.00143 0.976681 0.976681 2 2 0
1.00111 0.977629 0.977629 2 2 0
1.00083 0.978591 0.978591 2 2 0
1.0006 0.979566 0.979566 2 2 0
1.00042 0.98055 0.98055 2 2 0
1.00027 0.98154 0.98154 2 2 0
1.00016 0.982535 0.982535 2 2 0
1.00008 0.983532 0.983532 2 2 0
1.00008 0.983532 0.983532 2 2 0
