2 0.5 0.5 2 1 0
1.998 0.5 0.5 2 1 0
1.997 0.5 0.5 2 1 0
1.996 0.5 0.5 2 1 0
1.995 0.5 0.5 2 1 0
1.994 0.5 0.5 2 1 0
1.993 0.5 0.5 2 1 0
1.992 0.5 0.5 2 1 0
1.991 0.5 0.5 2 1 0
1.99 0.5 0.5 2 1 0
1.989 0.5 0.5 2 1 0
1.988 0.5 0.5 2 1 0
1.987 0.5 0.5 2 1 0
1.986 0.5 0.5 2 1 0
1.985 0.5 0.5 2 1 0
1.984 0.5 0.5 2 1 0
1.983 0.5 0.5 2 1 0
1.982 0.5 0.5 2 1 0
1.981 0.5 0.5 2 1 0
1.98 0.5 0.5 2 1 0
1.979 0.5 0.5 2 1 0
1.978 0.5 0.5 2 1 0
1.977 0.5 0.5 2 1 0
1.976 0.5 0.5 2 1 0
1.975 0.5 0.5 2 1 0
1.974 0.5 0.5 2 1 0
1.973 0.5 0.5 2 1 0
1.972 0.5 0.5 2 1 0
1.971 0.5 0.5 2 1 0
1.97 0.5 0.5 2 1 0
1.969 0.5 0.5 2 1 0
1.968 0.5 0.5 2 1 0
1.967 0.5 0.5 2 1 0
1.966 0.5 0.5 2 1 0
1.965 0.5 0.5 2 1 0
1.964 0.5 0.5 2 1 0
1.963 0.5 0.5 2 1 0
1.962 0.5 0.5 2 1 0
1.961 0.5 0.5 2 1 0
1.96 0.5 0.5 2 1 0
1.959 0.5 0.5 2 1 0
1.958 0.5 0.5 2 1 0
1.957 0.5 0.5 2 1 0
1.956 0.5 0.5 2 1 0
1.955 0.5 0.5 2 1 0
1.954 0.5 0.5 2 1 0
1.953 0.5 0.5 2 1 0
1.952 0.5 0.5 2 1 0
1.951 0.5 0.5 2 1 0
1.95 0.5 0.5 2 1 0
1.949 0.5 0.5 2 1 0
1.948 0.5 0.5 2 1 0
1.947 0.5 0.5 2 1 0
1.946 0.5 0.5 2 1 0
1.945 0.5 0.5 2 1 0
1.944 0.5 0.5 2 1 0
1.943 0.5 0.5 2 1 0
1.942 0.5 0.5 2 1 0
1.941 0.5 0.5 2 1 0
1.94 0.5 0.5 2 1 0
1.939 0.5 0.5 2 1 0
1.938 0.5 0.5 2 1 0
1.937 0.5 0.5 2 1 0
1.936 0.5 0.5 2 1 0
1.935 0.5 0.5 2 1 0
1.934 0.5 0.5 2 1 0
1.933 0.5 0.5 2 1 0
1.932 0.5 0.5 2 1 0
1.931 0.5 0.5 2 1 0
1.93 0.5 0.5 2 1 0
1.929 0.5 0.5 2 1 0
1.928 0.5 0.5 2 1 0
1.927 0.5 0.5 2 1 0
1.926 0.5 0.5 2 1 0
1.925 0.5 0.5 2 1 0
1.924 0.5 0.5 2 1 0
1.923 0.5 0.5 2 1 0
1.922 0.5 0.5 2 1 0
1.921 0.5 0.5 2 1 0
1.92 0.5 0.5 2 1 0
1.919 0.5 0.5 2 1 0
1.918 0.5 0.5 2 1 0
1.917 0.5 0.5 2 1 0
1.916 0.5 0.5 2 1 0
1.915 0.5 0.5 2 1 0
1.914 0.5 0.5 2 1 0
1.913 0.5 0.5 2 1 0
1.912 0.5 0.5 2 1 0
1.911 0.5 0.5 2 1 0
1.91 0.5 0.5 2 1 0
1.909 0.5 0.5 2 1 0
1.908 0.5 0.5 2 1 0
1.907 0.5 0.5 2 1 0
1.906 0.5 0.5 2 1 0
1.905 0.5 0.5 2 1 0
1.904 0.5 0.5 2 1 0
1.903 0.5 0.5 2 1 0
1.902 0.5 0.5 2 1 0
1.901 0.5 0.5 2 1 0
1.9 0.5 0.5 2 1 0
1.899 0.5 0.5 2 1 0
1.898 0.5 0.5 2 1 0
1.897 0.5 0.5 2 1 0
1.896 0.5 0.5 2 1 0
1.895 0.5 0.5 2 1 0
1.894 0.5 0.5 2 1 0
1.893 0.5 0.5 2 1 0
1.892 0.5 0.5 2 1 0
1.891 0.5 0.5 2 1 0
1.89 0.5 0.5 2 1 0
1.889 0.5 0.5 2 1 0
1.888 0.5 0.5 2 1 0
1.887 0.5 0.5 2 1 0
1.886 0.5 0.5 2 1 0
1.885 0.5 0.5 2 1 0
1.884 0.5 0.5 2 1 0
1.883 0.5 0.5 2 1 0
1.882 0.5 0.5 2 1 0
1.881 0.5 0.5 2 1 0
1.88 0.5 0.5 2 1 0
1.879 0.5 0.5 2 1 0
1.878 0.5 0.5 2 1 0
1.877 0.5 0.5 2 1 0
1.876 0.5 0.5 2 1 0
1.875 0.5 0.5 2 1 0
1.874 0.5 0.5 2 1 0
1.873 0.5 0.5 2 1 0
1.872 0.5 0.5 2 1 0
1.871 0.5 0.5 2 1 0
1.87 0.5 0.5 2 1 0
1.869 0.5 0.5 2 1 0
1.868 0.5 0.5 2 1 0
1.867 0.5 0.5 2 1 0
1.866 0.5 0.5 2 1 0
1.865 0.5 0.5 2 1 0
1.864 0.5 0.5 2 1 0
1.863 0.5 0.5 2 1 0
1.862 0.5 0.5 2 1 0
1.861 0.5 0.5 2 1 0
1.86 0.5 0.5 2 1 0
1.859 0.5 0.5 2 1 0
1.858 0.5 0.5 2 1 0
1.857 0.5 0.5 2 1 0
1.856 0.5 0.5 2 1 0
1.855 0.5 0.5 2 1 0
1.854 0.5 0.5 2 1 0
1.853 0.5 0.5 2 1 0
1.852 0.5 0.5 2 1 0
1.851 0.5 0.5 2 1 0
1.85 0.5 0.5 2 1 0
1.849 0.5 0.5 2 1 0
1.84878 0.5 0.5 2 1 0
1.84778 0.5 0.5 1 1 0
1.84678 0.5 0.5 1 1 0
1.84578 0.5 0.5 1 1 0
1.84478 0.5 0.5 1 1 0
1.84378 0.5 0.5 1 1 0
1.84278 0.5 0.5 1 1 0
1.84178 0.5 0.5 1 1 0
1.84078 0.5 0.5 1 1 0
1.83978 0.5 0.5 1 1 0
1.83878 0.5 0.5 1 1 0
1.83778 0.5 0.5 1 1 0
1.83678 0.5 0.5 1 1 0
1.83578 0.5 0.5 1 1 0
1.83478 0.5 0.5 1 1 0
1.83378 0.5 0.5 1 1 0
1.83278 0.5 0.5 1 1 0
1.83178 0.5 0.5 1 1 0
1.83078 0.5 0.5 1 1 0
1.82978 0.5 0.5 1 1 0
1.82878 0.5 0.5 1 1 0
1.82778 0.5 0.5 1 1 0
1.82678 0.5 0.5 1 1 0
1.82578 0.5 0.5 1 1 0
1.82478 0.5 0.5 1 1 0
1.82378 0.5 0.5 1 1 0
1.82278 0.5 0.5 1 1 0
1.82178 0.5 0.5 1 1 0
1.82078 0.5 0.5 1 1 0
1.81978 0.5 0.5 1 1 0
1.81878 0.5 0.5 1 1 0
1.81778 0.5 0.5 1 1 0
1.81678 0.5 0.5 1 1 0
1.81578 0.5 0.5 1 1 0
1.81478 0.5 0.5 1 1 0
1.81378 0.5 0.5 1 1 0
1.81278 0.5 0.5 1 1 0
1.81178 0.5 0.5 1 1 0
1.81078 0.5 0.5 1 1 0
1.80978 0.5 0.5 1 1 0
1.80878 0.5 0.5 1 1 0
1.80778 0.5 0.5 1 1 0
1.80678 0.5 0.5 1 1 0
1.80578 0.5 0.5 1 1 0
1.80478 0.5 0.5 1 1 0
1.80378 0.5 0.5 1 1 0
1.80278 0.5 0.5 1 1 0
1.80178 0.5 0.5 1 1 0
1.80078 0.5 0.5 1 1 0
1.79978 0.5 0.5 1 1 0
1.79878 0.5 0.5 1 1 0
1.79778 0.5 0.5 1 1 0
1.79678 0.5 0.5 1 1 0
1.79578 0.5 0.5 1 1 0
1.79478 0.5 0.5 1 1 0
1.79378 0.5 0.5 1 1 0
1.79278 0.5 0.5 1 1 0
1.79178 0.5 0.5 1 1 0
1.79078 0.5 0.5 1 1 0
1.78978 0.5 0.5 1 1 0
1.78878 0.5 0.5 1 1 0
1.78778 0.5 0.5 1 1 0
1.78678 0.5 0.5 1 1 0
1.78578 0.5 0.5 1 1 0
1.78478 0.5 0.5 1 1 0
1.78378 0.5 0.5 1 1 0
1.78278 0.5 0.5 1 1 0
1.78178 0.5 0.5 1 1 0
1.78078 0.5 0.5 1 1 0
1.77978 0.5 0.5 1 1 0
1.77878 0.5 0.5 1 1 0
1.77778 0.5 0.5 1 1 0
1.77678 0.5 0.5 1 1 0
1.77578 0.5 0.5 1 1 0
1.77478 0.5 0.5 1 1 0
1.77378 0.5 0.5 1 1 0
1.77278 0.5 0.5 1 1 0
1.77178 0.5 0.5 1 1 0
1.77078 0.5 0.5 1 1 0
1.76978 0.5 0.5 1 1 0
1.76878 0.5 0.5 1 1 0
1.76778 0.5 0.5 1 1 0
1.76678 0.5 0.5 1 1 0
1.76578 0.5 0.5 1 1 0
1.76478 0.5 0.5 1 1 0
1.76378 0.5 0.5 1 1 0
1.76278 0.5 0.5 1 1 0
1.76178 0.5 0.5 1 1 0
1.76078 0.5 0.5 1 1 0
1.75978 0.5 0.5 1 1 0
1.75878 0.5 0.5 1 1 0
1.75778 0.5 0.5 1 1 0
1.75678 0.5 0.5 1 1 0
1.75578 0.5 0.5 1 1 0
1.75478 0.5 0.5 1 1 0
1.75378 0.5 0.5 1 1 0
1.75278 0.5 0.5 1 1 0
1.75178 0.5 0.5 1 1 0
1.75078 0.5 0.5 1 1 0
1.74978 0.5 0.5 1 1 0
1.74878 0.5 0.5 1 1 0
1.74778 0.5 0.5 1 1 0
1.74678 0.5 0.5 1 1 0
1.74578 0.5 0.5 1 1 0
1.74478 0.5 0.5 1 1 0
1.74378 0.5 0.5 1 1 0
1.74278 0.5 0.5 1 1 0
1.74178 0.5 0.5 1 1 0
1.74078 0.5 0.5 1 1 0
1.73978 0.5 0.5 1 1 0
1.73878 0.5 0.5 1 1 0
1.73778 0.5 0.5 1 1 0
1.73678 0.5 0.5 1 1 0
1.73578 0.5 0.5 1 1 0
1.73478 0.5 0.5 1 1 0
1.73378 0.5 0.5 1 1 0
1.73278 0.5 0.5 1 1 0
1.73178 0.5 0.5 1 1 0
1.73078 0.5 0.5 1 1 0
1.72978 0.5 0.5 1 1 0
1.72878 0.5 0.5 1 1 0
1.72778 0.5 0.5 1 1 0
1.72678 0.5 0.5 1 1 0
1.72578 0.5 0.5 1 1 0
1.72478 0.5 0.5 1 1 0
1.72378 0.5 0.5 1 1 0
1.72278 0.5 0.5 1 1 0
1.72178 0.5 0.5 1 1 0
1.72078 0.5 0.5 1 1 0
1.71978 0.5 0.5 1 1 0
1.71878 0.5 0.5 1 1 0
1.71778 0.5 0.5 1 1 0
1.71678 0.5 0.5 1 1 0
1.71578 0.5 0.5 1 1 0
1.71478 0.5 0.5 1 1 0
1.71378 0.5 0.5 1 1 0
1.71278 0.5 0.5 1 1 0
1.71178 0.5 0.5 1 1 0
1.71078 0.5 0.5 1 1 0
1.70978 0.5 0.5 1 1 0
1.70878 0.5 0.5 1 1 0
1.70778 0.5 0.5 1 1 0
1.70678 0.5 0.5 1 1 0
1.70578 0.5 0.5 1 1 0
1.70478 0.5 0.5 1 1 0
1.70378 0.5 0.5 1 1 0
1.70278 0.5 0.5 1 1 0
1.70178 0.5 0.5 1 1 0
1.70078 0.5 0.5 1 1 0
1.69978 0.5 0.5 1 1 0
1.69878 0.5 0.5 1 1 0
1.69778 0.5 0.5 1 1 0
1.69678 0.5 0.5 1 1 0
1.69578 0.5 0.5 1 1 0
1.69478 0.5 0.5 1 1 0
1.69378 0.5 0.5 1 1 0
1.69278 0.5 0.5 1 1 0
1.69178 0.5 0.5 1 1 0
1.69078 0.5 0.5 1 1 0
1.68978 0.5 0.5 1 1 0
1.68878 0.5 0.5 1 1 0
1.68778 0.5 0.5 1 1 0
1.68678 0.5 0.5 1 1 0
1.68578 0.5 0.5 1 1 0
1.68478 0.5 0.5 1 1 0
1.68378 0.5 0.5 1 1 0
1.68278 0.5 0.5 1 1 0
1.68178 0.5 0.5 1 1 0
1.68078 0.5 0.5 1 1 0
1.67978 0.5 0.5 1 1 0
1.67878 0.5 0.5 1 1 0
1.67778 0.5 0.5 1 1 0
1.67678 0.5 0.5 1 1 0
1.67578 0.5 0.5 1 1 0
1.67478 0.5 0.5 1 1 0
1.67378 0.5 0.5 1 1 0
1.67278 0.5 0.5 1 1 0
1.67178 0.5 0.5 1 1 0
1.67078 0.5 0.5 1 1 0
1.66978 0.5 0.5 1 1 0
1.66878 0.5 0.5 1 1 0
1.66778 0.5 0.5 1 1 0
1.66678 0.5 0.5 1 1 0
1.66578 0.5 0.5 1 1 0
1.66478 0.5 0.5 1 1 0
1.66378 0.5 0.5 1 1 0
1.66278 0.5 0.5 1 1 0
1.66178 0.5 0.5 1 1 0
1.66078 0.5 0.5 1 1 0
1.65978 0.5 0.5 1 1 0
1.65878 0.5 0.5 1 1 0
1.65778 0.5 0.5 1 1 0
1.65678 0.5 0.5 1 1 0
1.65578 0.5 0.5 1 1 0
1.65478 0.5 0.5 1 1 0
1.65378 0.5 0.5 1 1 0
1.65278 0.5 0.5 1 1 0
1.65178 0.5 0.5 1 1 0
1.65078 0.5 0.5 1 1 0
1.64978 0.5 0.5 1 1 0
1.64878 0.5 0.5 1 1 0
1.64778 0.5 0.5 1 1 0
1.64678 0.5 0.5 1 1 0
1.64578 0.5 0.5 1 1 0
1.64478 0.5 0.5 1 1 0
1.64378 0.5 0.5 1 1 0
1.64278 0.5 0.5 1 1 0
1.64178 0.5 0.5 1 1 0
1.64078 0.5 0.5 1 1 0
1.63978 0.5 0.5 1 1 0
1.63878 0.5 0.5 1 1 0
1.63778 0.5 0.5 1 1 0
1.63678 0.5 0.5 1 1 0
1.63578 0.5 0.5 1 1 0
1.63478 0.5 0.5 1 1 0
1.63378 0.5 0.5 1 1 0
1.63278 0.5 0.5 1 1 0
1.63178 0.5 0.5 1 1 0
1.63078 0.5 0.5 1 1 0
1.62978 0.5 0.5 1 1 0
1.62878 0.5 0.5 1 1 0
1.62778 0.5 0.5 1 1 0
1.62678 0.5 0.5 1 1 0
1.62578 0.5 0.5 1 1 0
1.62478 0.5 0.5 1 1 0
1.62378 0.5 0.5 1 1 0
1.62278 0.5 0.5 1 1 0
1.62178 0.5 0.5 1 1 0
1.62078 0.5 0.5 1 1 0
1.61978 0.5 0.5 1 1 0
1.61878 0.5 0.5 1 1 0
1.61778 0.5 0.5 1 1 0
1.61678 0.5 0.5 1 1 0
1.61578 0.5 0.5 1 1 0
1.61478 0.5 0.5 1 1 0
1.61378 0.5 0.5 1 1 0
1.61278 0.5 0.5 1 1 0
1.61178 0.5 0.5 1 1 0
1.61078 0.5 0.5 1 1 0
1.60978 0.5 0.5 1 1 0
1.60878 0.5 0.5 1 1 0
1.60778 0.5 0.5 1 1 0
1.60678 0.5 0.5 1 1 0
1.60578 0.5 0.5 1 1 0
1.60478 0.5 0.5 1 1 0
1.60378 0.5 0.5 1 1 0
1.60278 0.5 0.5 1 1 0
1.60178 0.5 0.5 1 1 0
1.60078 0.5 0.5 1 1 0
1.59978 0.5 0.5 1 1 0
1.59878 0.5 0.5 1 1 0
1.59778 0.5 0.5 1 1 0
1.59678 0.5 0.5 1 1 0
1.59578 0.5 0.5 1 1 0
1.59478 0.5 0.5 1 1 0
1.59378 0.5 0.5 1 1 0
1.59278 0.5 0.5 1 1 0
1.59178 0.5 0.5 1 1 0
1.59078 0.5 0.5 1 1 0
1.58978 0.5 0.5 1 1 0
1.58878 0.5 0.5 1 1 0
1.58778 0.5 0.5 1 1 0
1.58678 0.5 0.5 1 1 0
1.58578 0.5 0.5 1 1 0
1.58478 0.5 0.5 1 1 0
1.58378 0.5 0.5 1 1 0
1.58278 0.5 0.5 1 1 0
1.58178 0.5 0.5 1 1 0
1.58078 0.5 0.5 1 1 0
1.57978 0.5 0.5 1 1 0
1.57878 0.5 0.5 1 1 0
1.57778 0.5 0.5 1 1 0
1.57678 0.5 0.5 1 1 0
1.57578 0.5 0.5 1 1 0
1.57478 0.5 0.5 1 1 0
1.57378 0.5 0.5 1 1 0
1.57278 0.5 0.5 1 1 0
1.57178 0.5 0.5 1 1 0
1.57078 0.5 0.5 1 1 0
1.56978 0.5 0.5 1 1 0
1.56878 0.5 0.5 1 1 0
1.56778 0.5 0.5 1 1 0
1.56678 0.5 0.5 1 1 0
1.56578 0.5 0.5 1 1 0
1.56478 0.5 0.5 1 1 0
1.56378 0.5 0.5 1 1 0
1.56278 0.5 0.5 1 1 0
1.56178 0.5 0.5 1 1 0
1.56078 0.5 0.5 1 1 0
1.55978 0.5 0.5 1 1 0
1.55878 0.5 0.5 1 1 0
1.55778 0.5 0.5 1 1 0
1.55678 0.5 0.5 1 1 0
1.55578 0.5 0.5 1 1 0
1.55478 0.5 0.5 1 1 0
1.55378 0.5 0.5 1 1 0
1.55278 0.5 0.5 1 1 0
1.55178 0.5 0.5 1 1 0
1.55078 0.5 0.5 1 1 0
1.54978 0.5 0.5 1 1 0
1.54878 0.5 0.5 1 1 0
1.54778 0.5 0.5 1 1 0
1.54678 0.5 0.5 1 1 0
1.54578 0.5 0.5 1 1 0
1.54478 0.5 0.5 1 1 0
1.54378 0.5 0.5 1 1 0
1.54278 0.5 0.5 1 1 0
1.54178 0.5 0.5 1 1 0
1.54078 0.5 0.5 1 1 0
1.53978 0.5 0.5 1 1 0
1.53878 0.5 0.5 1 1 0
1.53778 0.5 0.5 1 1 0
1.53678 0.5 0.5 1 1 0
1.53578 0.5 0.5 1 1 0
1.53478 0.5 0.5 1 1 0
1.53378 0.5 0.5 1 1 0
1.53278 0.5 0.5 1 1 0
1.53178 0.5 0.5 1 1 0
1.53078 0.5 0.5 1 1 0
1.52978 0.5 0.5 1 1 0
1.52878 0.5 0.5 1 1 0
1.52778 0.5 0.5 1 1 0
1.52678 0.5 0.5 1 1 0
1.52578 0.5 0.5 1 1 0
1.52478 0.5 0.5 1 1 0
1.52378 0.5 0.5 1 1 0
1.52278 0.5 0.5 1 1 0
1.52178 0.5 0.5 1 1 0
1.52078 0.5 0.5 1 1 0
1.51978 0.5 0.5 1 1 0
1.51878 0.5 0.5 1 1 0
1.51778 0.5 0.5 1 1 0
1.51678 0.5 0.5 1 1 0
1.51578 0.5 0.5 1 1 0
1.51478 0.5 0.5 1 1 0
1.51378 0.5 0.5 1 1 0
1.51278 0.5 0.5 1 1 0
1.51178 0.5 0.5 1 1 0
1.51078 0.5 0.5 1 1 0
1.50978 0.5 0.5 1 1 0
1.50878 0.5 0.5 1 1 0
1.50778 0.5 0.5 1 1 0
1.50678 0.5 0.5 1 1 0
1.50578 0.5 0.5 1 1 0
1.50478 0.5 0.5 1 1 0
1.50378 0.5 0.5 1 1 0
1.50278 0.5 0.5 1 1 0
1.50178 0.5 0.5 1 1 0
1.50078 0.5 0.5 1 1 0
1.49978 0.5 0.5 1 1 0
1.49878 0.5 0.5 1 1 0
1.49778 0.5 0.5 1 1 0
1.49678 0.5 0.5 1 1 0
1.49578 0.5 0.5 1 1 0
1.49478 0.5 0.5 1 1 0
1.49378 0.5 0.5 1 1 0
1.49278 0.5 0.5 1 1 0
1.49178 0.5 0.5 1 1 0
1.49078 0.5 0.5 1 1 0
1.48978 0.5 0.5 1 1 0
1.48878 0.5 0.5 1 1 0
1.48778 0.5 0.5 1 1 0
1.48678 0.5 0.5 1 1 0
1.48578 0.5 0.5 1 1 0
1.48478 0.5 0.5 1 1 0
1.48378 0.5 0.5 1 1 0
1.48278 0.5 0.5 1 1 0
1.48178 0.5 0.5 1 1 0
1.48078 0.5 0.5 1 1 0
1.47978 0.5 0.5 1 1 0
1.47878 0.5 0.5 1 1 0
1.47778 0.5 0.5 1 1 0
1.47678 0.5 0.5 1 1 0
1.47578 0.5 0.5 1 1 0
1.47478 0.5 0.5 1 1 0
1.47378 0.5 0.5 1 1 0
1.47278 0.5 0.5 1 1 0
1.47178 0.5 0.5 1 1 0
1.47078 0.5 0.5 1 1 0
1.46978 0.5 0.5 1 1 0
1.46878 0.5 0.5 1 1 0
1.46778 0.5 0.5 1 1 0
1.46678 0.5 0.5 1 1 0
1.46578 0.5 0.5 1 1 0
1.46478 0.5 0.5 1 1 0
1.46378 0.5 0.5 1 1 0
1.46278 0.5 0.5 1 1 0
1.46178 0.5 0.5 1 1 0
1.46078 0.5 0.5 1 1 0
1.45978 0.5 0.5 1 1 0
1.45878 0.5 0.5 1 1 0
1.45778 0.5 0.5 1 1 0
1.45678 0.5 0.5 1 1 0
1.45578 0.5 0.5 1 1 0
1.45478 0.5 0.5 1 1 0
1.45378 0.5 0.5 1 1 0
1.45278 0.5 0.5 1 1 0
1.45178 0.5 0.5 1 1 0
1.45078 0.5 0.5 1 1 0
1.44978 0.5 0.5 1 1 0
1.44878 0.5 0.5 1 1 0
1.44778 0.5 0.5 1 1 0
1.44678 0.5 0.5 1 1 0
1.44578 0.5 0.5 1 1 0
1.44478 0.5 0.5 1 1 0
1.44378 0.5 0.5 1 1 0
1.44278 0.5 0.5 1 1 0
1.44178 0.5 0.5 1 1 0
1.44078 0.5 0.5 1 1 0
1.43978 0.5 0.5 1 1 0
1.43878 0.5 0.5 1 1 0
1.43778 0.5 0.5 1 1 0
1.43678 0.5 0.5 1 1 0
1.43578 0.5 0.5 1 1 0
1.43478 0.5 0.5 1 1 0
1.43378 0.5 0.5 1 1 0
1.43278 0.5 0.5 1 1 0
1.43178 0.5 0.5 1 1 0
1.43078 0.5 0.5 1 1 0
1.42978 0.5 0.5 1 1 0
1.42878 0.5 0.5 1 1 0
1.42778 0.5 0.5 1 1 0
1.42678 0.5 0.5 1 1 0
1.42578 0.5 0.5 1 1 0
1.42478 0.5 0.5 1 1 0
1.42378 0.5 0.5 1 1 0
1.42278 0.5 0.5 1 1 0
1.42178 0.5 0.5 1 1 0
1.42078 0.5 0.5 1 1 0
1.41978 0.5 0.5 1 1 0
1.41878 0.5 0.5 1 1 0
1.41778 0.5 0.5 1 1 0
1.41678 0.5 0.5 1 1 0
1.41578 0.5 0.5 1 1 0
1.41478 0.5 0.5 1 1 0
1.41378 0.5 0.5 1 1 0
1.41278 0.5 0.5 1 1 0
1.41178 0.5 0.5 1 1 0
1.41078 0.5 0.5 1 1 0
1.40978 0.5 0.5 1 1 0
1.40878 0.5 0.5 1 1 0
1.40778 0.5 0.5 1 1 0
1.40678 0.5 0.5 1 1 0
1.40578 0.5 0.5 1 1 0
1.40478 0.5 0.5 1 1 0
1.40378 0.5 0.5 1 1 0
1.40278 0.5 0.5 1 1 0
1.40178 0.5 0.5 1 1 0
1.40078 0.5 0.5 1 1 0
1.39978 0.5 0.5 1 1 0
1.39878 0.5 0.5 1 1 0
1.39778 0.5 0.5 1 1 0
1.39678 0.5 0.5 1 1 0
1.39578 0.5 0.5 1 1 0
1.39478 0.5 0.5 1 1 0
1.39378 0.5 0.5 1 1 0
1.39278 0.5 0.5 1 1 0
1.39178 0.5 0.5 1 1 0
1.39078 0.5 0.5 1 1 0
1.38978 0.5 0.5 1 1 0
1.38878 0.5 0.5 1 1 0
1.38778 0.5 0.5 1 1 0
1.38678 0.5 0.5 1 1 0
1.38578 0.5 0.5 1 1 0
1.38478 0.5 0.5 1 1 0
1.38378 0.5 0.5 1 1 0
1.38278 0.5 0.5 1 1 0
1.38178 0.5 0.5 1 1 0
1.38078 0.5 0.5 1 1 0
1.37978 0.5 0.5 1 1 0
1.37878 0.5 0.5 1 1 0
1.37778 0.5 0.5 1 1 0
1.37678 0.5 0.5 1 1 0
1.37578 0.5 0.5 1 1 0
1.37478 0.5 0.5 1 1 0
1.37378 0.5 0.5 1 1 0
1.37278 0.5 0.5 1 1 0
1.37178 0.5 0.5 1 1 0
1.37078 0.5 0.5 1 1 0
1.36978 0.5 0.5 1 1 0
1.36878 0.5 0.5 1 1 0
1.36778 0.5 0.5 1 1 0
1.36678 0.5 0.5 1 1 0
1.36578 0.5 0.5 1 1 0
1.36478 0.5 0.5 1 1 0
1.36378 0.5 0.5 1 1 0
1.36278 0.5 0.5 1 1 0
1.36178 0.5 0.5 1 1 0
1.36078 0.5 0.5 1 1 0
1.35978 0.5 0.5 1 1 0
1.35878 0.5 0.5 1 1 0
1.35778 0.5 0.5 1 1 0
1.35678 0.5 0.5 1 1 0
1.35578 0.5 0.5 1 1 0
1.35478 0.5 0.5 1 1 0
1.35378 0.5 0.5 1 1 0
1.35278 0.5 0.5 1 1 0
1.35178 0.5 0.5 1 1 0
1.35078 0.5 0.5 1 1 0
1.34978 0.5 0.5 1 1 0
1.34878 0.5 0.5 1 1 0
1.34778 0.5 0.5 1 1 0
1.34678 0.5 0.5 1 1 0
1.34578 0.5 0.5 1 1 0
1.34478 0.5 0.5 1 1 0
1.34378 0.5 0.5 1 1 0
1.34278 0.5 0.5 1 1 0
1.34178 0.5 0.5 1 1 0
1.34078 0.5 0.5 1 1 0
1.33978 0.5 0.5 1 1 0
1.33878 0.5 0.5 1 1 0
1.33778 0.5 0.5 1 1 0
1.33678 0.5 0.5 1 1 0
1.33578 0.5 0.5 1 1 0
1.33478 0.5 0.5 1 1 0
1.33378 0.5 0.5 1 1 0
1.33278 0.5 0.5 1 1 0
1.33178 0.5 0.5 1 1 0
1.33078 0.5 0.5 1 1 0
1.32978 0.5 0.5 1 1 0
1.32878 0.5 0.5 1 1 0
1.32778 0.5 0.5 1 1 0
1.32678 0.5 0.5 1 1 0
1.32578 0.5 0.5 1 1 0
1.32478 0.5 0.5 1 1 0
1.32378 0.5 0.5 1 1 0
1.32278 0.5 0.5 1 1 0
1.32178 0.5 0.5 1 1 0
1.32078 0.5 0.5 1 1 0
1.31978 0.5 0.5 1 1 0
1.31878 0.5 0.5 1 1 0
1.31778 0.5 0.5 1 1 0
1.31678 0.5 0.5 1 1 0
1.31578 0.5 0.5 1 1 0
1.31478 0.5 0.5 1 1 0
1.31378 0.5 0.5 1 1 0
1.31278 0.5 0.5 1 1 0
1.31178 0.5 0.5 1 1 0
1.31078 0.5 0.5 1 1 0
1.30978 0.5 0.5 1 1 0
1.30878 0.5 0.5 1 1 0
1.30778 0.5 0.5 1 1 0
1.30678 0.5 0.5 1 1 0
1.30578 0.5 0.5 1 1 0
1.30478 0.5 0.5 1 1 0
1.30378 0.5 0.5 1 1 0
1.30278 0.5 0.5 1 1 0
1.30178 0.5 0.5 1 1 0
1.30078 0.5 0.5 1 1 0
1.29978 0.5 0.5 1 1 0
1.29878 0.5 0.5 1 1 0
1.29778 0.5 0.5 1 1 0
1.29678 0.5 0.5 1 1 0
1.29578 0.5 0.5 1 1 0
1.29478 0.5 0.5 1 1 0
1.29378 0.5 0.5 1 1 0
1.29278 0.5 0.5 1 1 0
1.29178 0.5 0.5 1 1 0
1.29078 0.5 0.5 1 1 0
1.28978 0.5 0.5 1 1 0
1.28878 0.5 0.5 1 1 0
1.28778 0.5 0.5 1 1 0
1.28678 0.5 0.5 1 1 0
1.28578 0.5 0.5 1 1 0
1.28478 0.5 0.5 1 1 0
1.28378 0.5 0.5 1 1 0
1.28278 0.5 0.5 1 1 0
1.28178 0.5 0.5 1 1 0
1.28078 0.5 0.5 1 1 0
1.27978 0.5 0.5 1 1 0
1.27878 0.5 0.5 1 1 0
1.27778 0.5 0.5 1 1 0
1.27678 0.5 0.5 1 1 0
1.27578 0.5 0.5 1 1 0
1.27478 0.5 0.5 1 1 0
1.27378 0.5 0.5 1 1 0
1.27278 0.5 0.5 1 1 0
1.27178 0.5 0.5 1 1 0
1.27078 0.5 0.5 1 1 0
1.26978 0.5 0.5 1 1 0
1.26878 0.5 0.5 1 1 0
1.26778 0.5 0.5 1 1 0
1.26678 0.5 0.5 1 1 0
1.26578 0.5 0.5 1 1 0
1.26478 0.5 0.5 1 1 0
1.26378 0.5 0.5 1 1 0
1.26278 0.5 0.5 1 1 0
1.26178 0.5 0.5 1 1 0
1.26078 0.5 0.5 1 1 0
1.25978 0.5 0.5 1 1 0
1.25878 0.5 0.5 1 1 0
1.25778 0.5 0.5 1 1 0
1.25678 0.5 0.5 1 1 0
1.25578 0.5 0.5 1 1 0
1.25478 0.5 0.5 1 1 0
1.25378 0.5 0.5 1 1 0
1.25278 0.5 0.5 1 1 0
1.25178 0.5 0.5 1 1 0
1.25078 0.5 0.5 1 1 0
1.24978 0.5 0.5 1 1 0
1.24878 0.5 0.5 1 1 0
1.24778 0.5 0.5 1 1 0
1.24678 0.5 0.5 1 1 0
1.24578 0.5 0.5 1 1 0
1.24478 0.5 0.5 1 1 0
1.24378 0.5 0.5 1 1 0
1.24278 0.5 0.5 1 1 0
1.24178 0.5 0.5 1 1 0
1.24078 0.5 0.5 1 1 0
1.23978 0.5 0.5 1 1 0
1.23878 0.5 0.5 1 1 0
1.23778 0.5 0.5 1 1 0
1.23678 0.5 0.5 1 1 0
1.23578 0.5 0.5 1 1 0
1.23478 0.5 0.5 1 1 0
1.23378 0.5 0.5 1 1 0
1.23278 0.5 0.5 1 1 0
1.23178 0.5 0.5 1 1 0
1.23078 0.5 0.5 1 1 0
1.22978 0.5 0.5 1 1 0
1.22878 0.5 0.5 1 1 0
1.22778 0.5 0.5 1 1 0
1.22678 0.5 0.5 1 1 0
1.22578 0.5 0.5 1 1 0
1.22478 0.5 0.5 1 1 0
1.22378 0.5 0.5 1 1 0
1.22278 0.5 0.5 1 1 0
1.22178 0.5 0.5 1 1 0
1.22078 0.5 0.5 1 1 0
1.21978 0.5 0.5 1 1 0
1.21878 0.5 0.5 1 1 0
1.21778 0.5 0.5 1 1 0
1.21678 0.5 0.5 1 1 0
1.21578 0.5 0.5 1 1 0
1.21478 0.5 0.5 1 1 0
1.21378 0.5 0.5 1 1 0
1.21278 0.5 0.5 1 1 0
1.21178 0.5 0.5 1 1 0
1.21078 0.5 0.5 1 1 0
1.20978 0.5 0.5 1 1 0
1.20878 0.5 0.5 1 1 0
1.20778 0.5 0.5 1 1 0
1.20678 0.5 0.5 1 1 0
1.20578 0.5 0.5 1 1 0
1.20478 0.5 0.5 1 1 0
1.20378 0.5 0.5 1 1 0
1.20278 0.5 0.5 1 1 0
1.20178 0.5 0.5 1 1 0
1.20078 0.5 0.5 1 1 0
1.19978 0.5 0.5 1 1 0
1.19878 0.5 0.5 1 1 0
1.19778 0.5 0.5 1 1 0
1.19678 0.5 0.5 1 1 0
1.19578 0.5 0.5 1 1 0
1.19478 0.5 0.5 1 1 0
1.19378 0.5 0.5 1 1 0
1.19278 0.5 0.5 1 1 0
1.19178 0.5 0.5 1 1 0
1.19078 0.5 0.5 1 1 0
1.18978 0.5 0.5 1 1 0
1.18878 0.5 0.5 1 1 0
1.18778 0.5 0.5 1 1 0
1.18678 0.5 0.5 1 1 0
1.18578 0.5 0.5 1 1 0
1.18478 0.5 0.5 1 1 0
1.18378 0.5 0.5 1 1 0
1.18278 0.5 0.5 1 1 0
1.18178 0.5 0.5 1 1 0
1.18078 0.5 0.5 1 1 0
1.17978 0.5 0.5 1 1 0
1.17878 0.5 0.5 1 1 0
1.17778 0.5 0.5 1 1 0
1.17678 0.5 0.5 1 1 0
1.17578 0.5 0.5 1 1 0
1.17478 0.5 0.5 1 1 0
1.17378 0.5 0.5 1 1 0
1.17278 0.5 0.5 1 1 0
1.17178 0.5 0.5 1 1 0
1.17078 0.5 0.5 1 1 0
1.16978 0.5 0.5 1 1 0
1.16878 0.5 0.5 1 1 0
1.16778 0.5 0.5 1 1 0
1.16678 0.5 0.5 1 1 0
1.16578 0.5 0.5 1 1 0
1.16478 0.5 0.5 1 1 0
1.16378 0.5 0.5 1 1 0
1.16278 0.5 0.5 1 1 0
1.16178 0.5 0.5 1 1 0
1.16078 0.5 0.5 1 1 0
1.15978 0.5 0.5 1 1 0
1.15878 0.5 0.5 1 1 0
1.15778 0.5 0.5 1 1 0
1.15678 0.5 0.5 1 1 0
1.15578 0.5 0.5 1 1 0
1.15478 0.5 0.5 1 1 0
1.15378 0.5 0.5 1 1 0
1.15278 0.5 0.5 1 1 0
1.15178 0.5 0.5 1 1 0
1.15078 0.5 0.5 1 1 0
1.14978 0.5 0.5 1 1 0
1.14878 0.5 0.5 1 1 0
1.14778 0.5 0.5 1 1 0
1.14678 0.5 0.5 1 1 0
1.14578 0.5 0.5 1 1 0
1.14478 0.5 0.5 1 1 0
1.14378 0.5 0.5 1 1 0
1.14278 0.5 0.5 1 1 0
1.14178 0.5 0.5 1 1 0
1.14078 0.5 0.5 1 1 0
1.13978 0.5 0.5 1 1 0
1.13878 0.5 0.5 1 1 0
1.13778 0.5 0.5 1 1 0
1.13678 0.5 0.5 1 1 0
1.13578 0.5 0.5 1 1 0
1.13478 0.5 0.5 1 1 0
1.13378 0.5 0.5 1 1 0
1.13278 0.5 0.5 1 1 0
1.13178 0.5 0.5 1 1 0
1.13078 0.5 0.5 1 1 0
1.12978 0.5 0.5 1 1 0
1.12878 0.5 0.5 1 1 0
1.12778 0.5 0.5 1 1 0
1.12678 0.5 0.5 1 1 0
1.12578 0.5 0.5 1 1 0
1.12478 0.5 0.5 1 1 0
1.12378 0.5 0.5 1 1 0
1.12278 0.5 0.5 1 1 0
1.12178 0.5 0.5 1 1 0
1.12078 0.5 0.5 1 1 0
1.11978 0.5 0.5 1 1 0
1.11878 0.5 0.5 1 1 0
1.11778 0.5 0.5 1 1 0
1.11678 0.5 0.5 1 1 0
1.11578 0.5 0.5 1 1 0
1.11478 0.5 0.5 1 1 0
1.11378 0.5 0.5 1 1 0
1.11278 0.5 0.5 1 1 0
1.11178 0.5 0.5 1 1 0
1.11078 0.5 0.5 1 1 0
1.10978 0.5 0.5 1 1 0
1.10878 0.5 0.5 1 1 0
1.10778 0.5 0.5 1 1 0
1.10678 0.5 0.5 1 1 0
1.10578 0.5 0.5 1 1 0
1.10478 0.5 0.5 1 1 0
1.10378 0.5 0.5 1 1 0
1.10278 0.5 0.5 1 1 0
1.10178 0.5 0.5 1 1 0
1.10078 0.5 0.5 1 1 0
1.09978 0.5 0.5 1 1 0
1.09878 0.5 0.5 1 1 0
1.09778 0.5 0.5 1 1 0
1.09678 0.5 0.5 1 1 0
1.09578 0.5 0.5 1 1 0
1.09478 0.5 0.5 1 1 0
1.09378 0.5 0.5 1 1 0
1.09278 0.5 0.5 1 1 0
1.09178 0.5 0.5 1 1 0
1.09078 0.5 0.5 1 1 0
1.08978 0.5 0.5 1 1 0
1.08878 0.5 0.5 1 1 0
1.08778 0.5 0.5 1 1 0
1.08678 0.5 0.5 1 1 0
1.08578 0.5 0.5 1 1 0
1.08478 0.5 0.5 1 1 0
1.08378 0.5 0.5 1 1 0
1.08278 0.5 0.5 1 1 0
1.08178 0.5 0.5 1 1 0
1.08078 0.5 0.5 1 1 0
1.07978 0.5 0.5 1 1 0
1.07878 0.5 0.5 1 1 0
1.07778 0.5 0.5 1 1 0
1.07678 0.5 0.5 1 1 0
1.07578 0.5 0.5 1 1 0
1.07478 0.5 0.5 1 1 0
1.07378 0.5 0.5 1 1 0
1.07278 0.5 0.5 1 1 0
1.07178 0.5 0.5 1 1 0
1.07078 0.5 0.5 1 1 0
1.06978 0.5 0.5 1 1 0
1.06878 0.5 0.5 1 1 0
1.06778 0.5 0.5 1 1 0
1.06678 0.5 0.5 1 1 0
1.06578 0.5 0.5 1 1 0
1.06478 0.5 0.5 1 1 0
1.06378 0.5 0.5 1 1 0
1.06278 0.5 0.5 1 1 0
1.06178 0.5 0.5 1 1 0
1.06078 0.5 0.5 1 1 0
1.05978 0.5 0.5 1 1 0
1.05878 0.5 0.5 1 1 0
1.05778 0.5 0.5 1 1 0
1.05678 0.5 0.5 1 1 0
1.05578 0.5 0.5 1 1 0
1.05478 0.5 0.5 1 1 0
1.05378 0.5 0.5 1 1 0
1.05278 0.5 0.5 1 1 0
1.05178 0.5 0.5 1 1 0
1.05078 0.5 0.5 1 1 0
1.04978 0.5 0.5 1 1 0
1.04878 0.5 0.5 1 1 0
1.04778 0.5 0.5 1 1 0
1.04678 0.5 0.5 1 1 0
1.04578 0.5 0.5 1 1 0
1.04478 0.5 0.5 1 1 0
1.04378 0.5 0.5 1 1 0
1.04278 0.5 0.5 1 1 0
1.04178 0.5 0.5 1 1 0
1.04078 0.5 0.5 1 1 0
1.03978 0.5 0.5 1 1 0
1.03878 0.5 0.5 1 1 0
1.03778 0.5 0.5 1 1 0
1.03678 0.5 0.5 1 1 0
1.03578 0.5 0.5 1 1 0
1.03478 0.5 0.5 1 1 0
1.03378 0.5 0.5 1 1 0
1.03278 0.5 0.5 1 1 0
1.03178 0.5 0.5 1 1 0
1.03078 0.5 0.5 1 1 0
1.02978 0.5 0.5 1 1 0
1.02878 0.5 0.5 1 1 0
1.02778 0.5 0.5 1 1 0
1.02678 0.5 0.5 1 1 0
1.02578 0.5 0.5 1 1 0
1.02478 0.5 0.5 1 1 0
1.02378 0.5 0.5 1 1 0
1.02278 0.5 0.5 1 1 0
1.02178 0.5 0.5 1 1 0
1.02078 0.5 0.5 1 1 0
1.01978 0.5 0.5 1 1 0
1.01878 0.5 0.5 1 1 0
1.01778 0.5 0.5 1 1 0
1.01678 0.5 0.5 1 1 0
1.01578 0.5 0.5 1 1 0
1.01478 0.5 0.5 1 1 0
1.01378 0.5 0.5 1 1 0
1.01278 0.5 0.5 1 1 0
1.01178 0.5 0.5 1 1 0
1.01078 0.5 0.5 1 1 0
1.00978 0.5 0.5 1 1 0
1.00878 0.5 0.5 1 1 0
1.00778 0.5 0.5 1 1 0
1.00678 0.5 0.5 1 1 0
1.00578 0.5 0.5 1 1 0
1.00478 0.5 0.5 1 1 0
1.00378 0.5 0.5 1 1 0
1.00278 0.5 0.5 1 1 0
1.00178 0.5 0.5 1 1 0
1.00078 0.5 0.5 1 1 0
1.00078 0.5 0.5 1 1 0
1.84878 0.5 0.5 2 2 0
1.84878 0.499 0.499 2 2 0
1.84877 0.498 0.498 2 2 0
1.84876 0.497 0.497 2 2 0
1.84874 0.496 0.496 2 2 0
1.84872 0.495 0.495 2 2 0
1.84869 0.494001 0.494001 2 2 0
1.84866 0.493001 0.493001 2 2 0
1.84862 0.492002 0.492002 2 2 0
1.84858 0.491003 0.491003 2 2 0
1.84853 0.490004 0.490004 2 2 0
1.84848 0.489005 0.489005 2 2 0
1.84842 0.488007 0.488007 2 2 0
1.84836 0.487009 0.487009 2 2 0
1.84829 0.486011 0.486011 2 2 0
1.84822 0.485014 0.485014 2 2 0
1.84814 0.484017 0.484017 2 2 0
1.84806 0.48302 0.48302 2 2 0
1.84797 0.482024 0.482024 2 2 0
1.84788 0.481028 0.481028 2 2 0
1.84778 0.480033 0.480033 2 2 0
1.84768 0.479038 0.479038 2 2 0
1.84758 0.478044 0.478044 2 2 0
1.84747 0.47705 0.47705 2 2 0
1.84735 0.476056 0.476056 2 2 0
1.84723 0.475064 0.475064 2 2 0
1.8471 0.474072 0.474072 2 2 0
1.84697 0.47308 0.47308 2 2 0
1.84684 0.47209 0.47209 2 2 0
1.8467 0.471099 0.471099 2 2 0
1.84655 0.47011 0.47011 2 2 0
1.8464 0.469121 0.469121 2 2 0
1.84625 0.468133 0.468133 2 2 0
1.84609 0.467146 0.467146 2 2 0
1.84592 0.46616 0.46616 2 2 0
1.84575 0.465174 0.465174 2 2 0
1.84558 0.464189 0.464189 2 2 0
1.8454 0.463205 0.463205 2 2 0
1.84522 0.462222 0.462222 2 2 0
1.84503 0.46124 0.46124 2 2 0
1.84484 0.460259 0.460259 2 2 0
1.84464 0.459278 0.459278 2 2 0
1.84444 0.458299 0.458299 2 2 0
1.84423 0.457321 0.457321 2 2 0
1.84402 0.456343 0.456343 2 2 0
1.8438 0.455367 0.455367 2 2 0
1.84358 0.454391 0.454391 2 2 0
1.84336 0.453417 0.453417 2 2 0
1.84313 0.452443 0.452443 2 2 0
1.8429 0.451471 0.451471 2 2 0
1.84266 0.4505 0.4505 2 2 0
1.84241 0.44953 0.44953 2 2 0
1.84217 0.448561 0.448561 2 2 0
1.84192 0.447593 0.447593 2 2 0
1.84166 0.446626 0.446626 2 2 0
1.8414 0.445661 0.445661 2 2 0
1.84113 0.444697 0.444697 2 2 0
1.84086 0.443734 0.443734 2 2 0
1.84059 0.442772 0.442772 2 2 0
1.84031 0.441811 0.441811 2 2 0
1.84003 0.440852 0.440852 2 2 0
1.83974 0.439894 0.439894 2 2 0
1.83945 0.438937 0.438937 2 2 0
1.83916 0.437982 0.437982 2 2 0
1.83886 0.437028 0.437028 2 2 0
1.83855 0.436075 0.436075 2 2 0
1.83825 0.435123 0.435123 2 2 0
1.83794 0.434173 0.434173 2 2 0
1.83762 0.433224 0.433224 2 2 0
1.8373 0.432277 0.432277 2 2 0
1.83697 0.431331 0.431331 2 2 0
1.83665 0.430387 0.430387 2 2 0
1.83631 0.429443 0.429443 2 2 0
1.83598 0.428502 0.428502 2 2 0
1.83564 0.427562 0.427562 2 2 0
1.83529 0.426623 0.426623 2 2 0
1.83494 0.425686 0.425686 2 2 0
1.83459 0.42475 0.42475 2 2 0
1.83423 0.423815 0.423815 2 2 0
1.83387 0.422883 0.422883 2 2 0
1.83351 0.421951 0.421951 2 2 0
1.83314 0.421021 0.421021 2 2 0
1.83277 0.420093 0.420093 2 2 0
1.83239 0.419166 0.419166 2 2 0
1.83201 0.418241 0.418241 2 2 0
1.83163 0.417318 0.417318 2 2 0
1.83124 0.416396 0.416396 2 2 0
1.83085 0.415475 0.415475 2 2 0
1.83046 0.414556 0.414556 2 2 0
1.83006 0.413639 0.413639 2 2 0
1.82966 0.412723 0.412723 2 2 0
1.82925 0.411809 0.411809 2 2 0
1.82884 0.410897 0.410897 2 2 0
1.82843 0.409986 0.409986 2 2 0
1.82801 0.409077 0.409077 2 2 0
1.82759 0.408169 0.408169 2 2 0
1.82717 0.407263 0.407263 2 2 0
1.82674 0.406359 0.406359 2 2 0
1.82631 0.405456 0.405456 2 2 0
1.82588 0.404555 0.404555 2 2 0
1.82544 0.403656 0.403656 2 2 0
1.825 0.402758 0.402758 2 2 0
1.82456 0.401862 0.401862 2 2 0
1.82411 0.400968 0.400968 2 2 0
1.82366 0.400075 0.400075 2 2 0
1.8232 0.399185 0.399185 2 2 0
1.82275 0.398295 0.398295 2 2 0
1.82229 0.397408 0.397408 2 2 0
1.82182 0.396522 0.396522 2 2 0
1.82136 0.395638 0.395638 2 2 0
1.82088 0.394756 0.394756 2 2 0
1.82041 0.393875 0.393875 2 2 0
1.81993 0.392996 0.392996 2 2 0
1.81945 0.392119 0.392119 2 2 0
1.81897 0.391243 0.391243 2 2 0
1.81848 0.39037 0.39037 2 2 0
1.81799 0.389498 0.389498 2 2 0
1.8175 0.388627 0.388627 2 2 0
1.81701 0.387759 0.387759 2 2 0
1.81651 0.386892 0.386892 2 2 0
1.81601 0.386027 0.386027 2 2 0
1.8155 0.385163 0.385163 2 2 0
1.81499 0.384302 0.384302 2 2 0
1.81448 0.383442 0.383442 2 2 0
1.81397 0.382584 0.382584 2 2 0
1.81345 0.381728 0.381728 2 2 0
1.81293 0.380873 0.380873 2 2 0
1.81241 0.38002 0.38002 2 2 0
1.81189 0.379169 0.379169 2 2 0
1.81136 0.37832 0.37832 2 2 0
1.81083 0.377472 0.377472 2 2 0
1.8103 0.376626 0.376626 2 2 0
1.80976 0.375782 0.375782 2 2 0
1.80922 0.37494 0.37494 2 2 0
1.80868 0.374099 0.374099 2 2 0
1.80813 0.37326 0.37326 2 2 0
1.80759 0.372423 0.372423 2 2 0
1.80704 0.371588 0.371588 2 2 0
1.80648 0.370754 0.370754 2 2 0
1.80593 0.369923 0.369923 2 2 0
1.80537 0.369092 0.369092 2 2 0
1.80481 0.368264 0.368264 2 2 0
1.80425 0.367438 0.367438 2 2 0
1.80368 0.366613 0.366613 2 2 0
1.80312 0.36579 0.36579 2 2 0
1.80254 0.364968 0.364968 2 2 0
1.80197 0.364149 0.364149 2 2 0
1.8014 0.363331 0.363331 2 2 0
1.80082 0.362515 0.362515 2 2 0
1.80024 0.361701 0.361701 2 2 0
1.79966 0.360888 0.360888 2 2 0
1.79907 0.360077 0.360077 2 2 0
1.79848 0.359268 0.359268 2 2 0
1.79789 0.358461 0.358461 2 2 0
1.7973 0.357655 0.357655 2 2 0
1.79671 0.356851 0.356851 2 2 0
1.79611 0.356049 0.356049 2 2 0
1.79551 0.355248 0.355248 2 2 0
1.79491 0.35445 0.35445 2 2 0
1.7943 0.353653 0.353653 2 2 0
1.7937 0.352857 0.352857 2 2 0
1.79309 0.352064 0.352064 2 2 0
1.79248 0.351272 0.351272 2 2 0
1.79186 0.350482 0.350482 2 2 0
1.79125 0.349693 0.349693 2 2 0
1.79063 0.348906 0.348906 2 2 0
1.79001 0.348121 0.348121 2 2 0
1.78939 0.347338 0.347338 2 2 0
1.78877 0.346557 0.346557 2 2 0
1.78814 0.345777 0.345777 2 2 0
1.78751 0.344998 0.344998 2 2 0
1.78688 0.344222 0.344222 2 2 0
1.78625 0.343447 0.343447 2 2 0
1.78562 0.342674 0.342674 2 2 0
1.78498 0.341902 0.341902 2 2 0
1.78434 0.341133 0.341133 2 2 0
1.7837 0.340364 0.340364 2 2 0
1.78306 0.339598 0.339598 2 2 0
1.78242 0.338833 0.338833 2 2 0
1.78177 0.33807 0.33807 2 2 0
1.78112 0.337309 0.337309 2 2 0
1.78047 0.336549 0.336549 2 2 0
1.77982 0.335791 0.335791 2 2 0
1.77917 0.335034 0.335034 2 2 0
1.77851 0.334279 0.334279 2 2 0
1.77785 0.333526 0.333526 2 2 0
1.77719 0.332775 0.332775 2 2 0
1.77653 0.332025 0.332025 2 2 0
1.77587 0.331277 0.331277 2 2 0
1.7752 0.33053 0.33053 2 2 0
1.77453 0.329785 0.329785 2 2 0
1.77387 0.329041 0.329041 2 2 0
1.77319 0.3283 0.3283 2 2 0
1.77252 0.32756 0.32756 2 2 0
1.77185 0.326821 0.326821 2 2 0
1.77117 0.326084 0.326084 2 2 0
1.77049 0.325349 0.325349 2 2 0
1.76981 0.324615 0.324615 2 2 0
1.76913 0.323883 0.323883 2 2 0
1.76845 0.323152 0.323152 2 2 0
1.76777 0.322424 0.322424 2 2 0
1.76708 0.321696 0.321696 2 2 0
1.76639 0.32097 0.32097 2 2 0
1.7657 0.320246 0.320246 2 2 0
1.76501 0.319524 0.319524 2 2 0
1.76432 0.318803 0.318803 2 2 0
1.76362 0.318083 0.318083 2 2 0
1.76293 0.317365 0.317365 2 2 0
1.76223 0.316649 0.316649 2 2 0
1.76153 0.315934 0.315934 2 2 0
1.76083 0.315221 0.315221 2 2 0
1.76013 0.314509 0.314509 2 2 0
1.75942 0.313799 0.313799 2 2 0
1.75872 0.31309 0.31309 2 2 0
1.75801 0.312383 0.312383 2 2 0
1.7573 0.311678 0.311678 2 2 0
1.75659 0.310974 0.310974 2 2 0
1.75588 0.310271 0.310271 2 2 0
1.75517 0.30957 0.30957 2 2 0
1.75445 0.308871 0.308871 2 2 0
1.75374 0.308173 0.308173 2 2 0
1.75302 0.307476 0.307476 2 2 0
1.7523 0.306781 0.306781 2 2 0
1.75158 0.306088 0.306088 2 2 0
1.75086 0.305396 0.305396 2 2 0
1.75013 0.304705 0.304705 2 2 0
1.74941 0.304016 0.304016 2 2 0
1.74868 0.303329 0.303329 2 2 0
1.74796 0.302643 0.302643 2 2 0
1.74723 0.301958 0.301958 2 2 0
1.7465 0.301275 0.301275 2 2 0
1.74576 0.300593 0.300593 2 2 0
1.74503 0.299913 0.299913 2 2 0
1.7443 0.299234 0.299234 2 2 0
1.74356 0.298557 0.298557 2 2 0
1.74282 0.297881 0.297881 2 2 0
1.74209 0.297207 0.297207 2 2 0
1.74135 0.296534 0.296534 2 2 0
1.7406 0.295862 0.295862 2 2 0
1.73986 0.295192 0.295192 2 2 0
1.73912 0.294524 0.294524 2 2 0
1.73837 0.293857 0.293857 2 2 0
1.73763 0.293191 0.293191 2 2 0
1.73688 0.292526 0.292526 2 2 0
1.73613 0.291863 0.291863 2 2 0
1.73538 0.291202 0.291202 2 2 0
1.73463 0.290542 0.290542 2 2 0
1.73388 0.289883 0.289883 2 2 0
1.73313 0.289225 0.289225 2 2 0
1.73237 0.288569 0.288569 2 2 0
1.73161 0.287915 0.287915 2 2 0
1.73086 0.287262 0.287262 2 2 0
1.7301 0.28661 0.28661 2 2 0
1.72934 0.285959 0.285959 2 2 0
1.72858 0.28531 0.28531 2 2 0
1.72782 0.284662 0.284662 2 2 0
1.72705 0.284016 0.284016 2 2 0
1.72629 0.283371 0.283371 2 2 0
1.72552 0.282727 0.282727 2 2 0
1.72476 0.282085 0.282085 2 2 0
1.72399 0.281444 0.281444 2 2 0
1.72322 0.280804 0.280804 2 2 0
1.72245 0.280166 0.280166 2 2 0
1.72168 0.279529 0.279529 2 2 0
1.72091 0.278893 0.278893 2 2 0
1.72014 0.278259 0.278259 2 2 0
1.71936 0.277626 0.277626 2 2 0
1.71859 0.276995 0.276995 2 2 0
1.71781 0.276364 0.276364 2 2 0
1.71703 0.275735 0.275735 2 2 0
1.71625 0.275107 0.275107 2 2 0
1.71547 0.274481 0.274481 2 2 0
1.71469 0.273856 0.273856 2 2 0
1.71391 0.273232 0.273232 2 2 0
1.71313 0.272609 0.272609 2 2 0
1.71235 0.271988 0.271988 2 2 0
1.71156 0.271368 0.271368 2 2 0
1.71078 0.270749 0.270749 2 2 0
1.70999 0.270132 0.270132 2 2 0
1.7092 0.269516 0.269516 2 2 0
1.70841 0.268901 0.268901 2 2 0
1.70762 0.268287 0.268287 2 2 0
1.70683 0.267675 0.267675 2 2 0
1.70604 0.267064 0.267064 2 2 0
1.70525 0.266454 0.266454 2 2 0
1.70446 0.265845 0.265845 2 2 0
1.70366 0.265238 0.265238 2 2 0
1.70287 0.264632 0.264632 2 2 0
1.70207 0.264027 0.264027 2 2 0
1.70127 0.263423 0.263423 2 2 0
1.70047 0.262821 0.262821 2 2 0
1.69968 0.26222 0.26222 2 2 0
1.69888 0.26162 0.26162 2 2 0
1.69807 0.261021 0.261021 2 2 0
1.69727 0.260424 0.260424 2 2 0
1.69647 0.259827 0.259827 2 2 0
1.69567 0.259232 0.259232 2 2 0
1.69486 0.258638 0.258638 2 2 0
1.69406 0.258045 0.258045 2 2 0
1.69325 0.257454 0.257454 2 2 0
1.69244 0.256864 0.256864 2 2 0
1.69163 0.256275 0.256275 2 2 0
1.69083 0.255687 0.255687 2 2 0
1.69002 0.2551 0.2551 2 2 0
1.68921 0.254514 0.254514 2 2 0
1.68839 0.25393 0.25393 2 2 0
1.68758 0.253347 0.253347 2 2 0
1.68677 0.252765 0.252765 2 2 0
1.68595 0.252184 0.252184 2 2 0
1.68514 0.251604 0.251604 2 2 0
1.68432 0.251025 0.251025 2 2 0
1.68351 0.250448 0.250448 2 2 0
1.68269 0.249872 0.249872 2 2 0
1.68187 0.249297 0.249297 2 2 0
1.68105 0.248723 0.248723 2 2 0
1.68023 0.24815 0.24815 2 2 0
1.67941 0.247578 0.247578 2 2 0
1.67859 0.247008 0.247008 2 2 0
1.67777 0.246438 0.246438 2 2 0
1.67695 0.24587 0.24587 2 2 0
1.67612 0.245303 0.245303 2 2 0
1.6753 0.244737 0.244737 2 2 0
1.67447 0.244172 0.244172 2 2 0
1.67365 0.243608 0.243608 2 2 0
1.67282 0.243045 0.243045 2 2 0
1.67199 0.242484 0.242484 2 2 0
1.67117 0.241923 0.241923 2 2 0
1.67034 0.241364 0.241364 2 2 0
1.66951 0.240805 0.240805 2 2 0
1.66868 0.240248 0.240248 2 2 0
1.66785 0.239692 0.239692 2 2 0
1.66701 0.239137 0.239137 2 2 0
1.66618 0.238583 0.238583 2 2 0
1.66535 0.23803 0.23803 2 2 0
1.66451 0.237479 0.237479 2 2 0
1.66368 0.236928 0.236928 2 2 0
1.66284 0.236378 0.236378 2 2 0
1.66201 0.23583 0.23583 2 2 0
1.66117 0.235282 0.235282 2 2 0
1.66033 0.234736 0.234736 2 2 0
1.65949 0.234191 0.234191 2 2 0
1.65866 0.233646 0.233646 2 2 0
1.65782 0.233103 0.233103 2 2 0
1.65698 0.232561 0.232561 2 2 0
1.65614 0.23202 0.23202 2 2 0
1.65529 0.23148 0.23148 2 2 0
1.65445 0.230941 0.230941 2 2 0
1.65361 0.230403 0.230403 2 2 0
1.65276 0.229866 0.229866 2 2 0
1.65192 0.22933 0.22933 2 2 0
1.65108 0.228795 0.228795 2 2 0
1.65023 0.228261 0.228261 2 2 0
1.64938 0.227728 0.227728 2 2 0
1.64854 0.227197 0.227197 2 2 0
1.64769 0.226666 0.226666 2 2 0
1.64684 0.226136 0.226136 2 2 0
1.64599 0.225607 0.225607 2 2 0
1.64514 0.22508 0.22508 2 2 0
1.64429 0.224553 0.224553 2 2 0
1.64344 0.224027 0.224027 2 2 0
1.64259 0.223502 0.223502 2 2 0
1.64174 0.222979 0.222979 2 2 0
1.64089 0.222456 0.222456 2 2 0
1.64003 0.221934 0.221934 2 2 0
1.63918 0.221413 0.221413 2 2 0
1.63833 0.220894 0.220894 2 2 0
1.63747 0.220375 0.220375 2 2 0
1.63662 0.219857 0.219857 2 2 0
1.63576 0.21934 0.21934 2 2 0
1.6349 0.218825 0.218825 2 2 0
1.63405 0.21831 0.21831 2 2 0
1.63319 0.217796 0.217796 2 2 0
1.63233 0.217283 0.217283 2 2 0
1.63147 0.216771 0.216771 2 2 0
1.63061 0.21626 0.21626 2 2 0
1.62975 0.21575 0.21575 2 2 0
1.62889 0.215241 0.215241 2 2 0
1.62803 0.214733 0.214733 2 2 0
1.62717 0.214226 0.214226 2 2 0
1.6263 0.21372 0.21372 2 2 0
1.62544 0.213214 0.213214 2 2 0
1.62458 0.21271 0.21271 2 2 0
1.62371 0.212207 0.212207 2 2 0
1.62285 0.211704 0.211704 2 2 0
1.62198 0.211203 0.211203 2 2 0
1.62112 0.210702 0.210702 2 2 0
1.62025 0.210203 0.210203 2 2 0
1.61938 0.209704 0.209704 2 2 0
1.61852 0.209206 0.209206 2 2 0
1.61765 0.208709 0.208709 2 2 0
1.61678 0.208214 0.208214 2 2 0
1.61591 0.207719 0.207719 2 2 0
1.61504 0.207224 0.207224 2 2 0
1.61417 0.206731 0.206731 2 2 0
1.6133 0.206239 0.206239 2 2 0
1.61243 0.205748 0.205748 2 2 0
1.61156 0.205257 0.205257 2 2 0
1.61069 0.204768 0.204768 2 2 0
1.60982 0.204279 0.204279 2 2 0
1.60894 0.203792 0.203792 2 2 0
1.60807 0.203305 0.203305 2 2 0
1.60719 0.202819 0.202819 2 2 0
1.60632 0.202334 0.202334 2 2 0
1.60544 0.20185 0.20185 2 2 0
1.60457 0.201367 0.201367 2 2 0
1.60369 0.200884 0.200884 2 2 0
1.60282 0.200403 0.200403 2 2 0
1.60194 0.199922 0.199922 2 2 0
1.60106 0.199443 0.199443 2 2 0
1.60018 0.198964 0.198964 2 2 0
1.59931 0.198486 0.198486 2 2 0
1.59843 0.198009 0.198009 2 2 0
1.59755 0.197533 0.197533 2 2 0
1.59667 0.197057 0.197057 2 2 0
1.59579 0.196583 0.196583 2 2 0
1.59491 0.196109 0.196109 2 2 0
1.59403 0.195637 0.195637 2 2 0
1.59314 0.195165 0.195165 2 2 0
1.59226 0.194694 0.194694 2 2 0
1.59138 0.194224 0.194224 2 2 0
1.5905 0.193754 0.193754 2 2 0
1.58961 0.193286 0.193286 2 2 0
1.58873 0.192818 0.192818 2 2 0
1.58784 0.192352 0.192352 2 2 0
1.58696 0.191886 0.191886 2 2 0
1.58607 0.191421 0.191421 2 2 0
1.58519 0.190956 0.190956 2 2 0
1.5843 0.190493 0.190493 2 2 0
1.58342 0.19003 0.19003 2 2 0
1.58253 0.189569 0.189569 2 2 0
1.58164 0.189108 0.189108 2 2 0
1.58075 0.188648 0.188648 2 2 0
1.57987 0.188189 0.188189 2 2 0
1.57898 0.18773 0.18773 2 2 0
1.57809 0.187273 0.187273 2 2 0
1.5772 0.186816 0.186816 2 2 0
1.57631 0.18636 0.18636 2 2 0
1.57542 0.185905 0.185905 2 2 0
1.57453 0.18545 0.18545 2 2 0
1.57364 0.184997 0.184997 2 2 0
1.57274 0.184544 0.184544 2 2 0
1.57185 0.184092 0.184092 2 2 0
1.57096 0.183641 0.183641 2 2 0
1.57007 0.183191 0.183191 2 2 0
1.56917 0.182742 0.182742 2 2 0
1.56828 0.182293 0.182293 2 2 0
1.56739 0.181845 0.181845 2 2 0
1.56649 0.181398 0.181398 2 2 0
1.5656 0.180952 0.180952 2 2 0
1.5647 0.180506 0.180506 2 2 0
1.5638 0.180062 0.180062 2 2 0
1.56291 0.179618 0.179618 2 2 0
1.56201 0.179175 0.179175 2 2 0
1.56112 0.178732 0.178732 2 2 0
1.56022 0.178291 0.178291 2 2 0
1.55932 0.17785 0.17785 2 2 0
1.55842 0.17741 0.17741 2 2 0
1.55752 0.176971 0.176971 2 2 0
1.55663 0.176533 0.176533 2 2 0
1.55573 0.176095 0.176095 2 2 0
1.55483 0.175658 0.175658 2 2 0
1.55393 0.175222 0.175222 2 2 0
1.55303 0.174787 0.174787 2 2 0
1.55213 0.174352 0.174352 2 2 0
1.55122 0.173918 0.173918 2 2 0
1.55032 0.173485 0.173485 2 2 0
1.54942 0.173053 0.173053 2 2 0
1.54852 0.172622 0.172622 2 2 0
1.54762 0.172191 0.172191 2 2 0
1.54671 0.171761 0.171761 2 2 0
1.54581 0.171332 0.171332 2 2 0
1.54491 0.170903 0.170903 2 2 0
1.544 0.170475 0.170475 2 2 0
1.5431 0.170049 0.170049 2 2 0
1.54219 0.169622 0.169622 2 2 0
1.54129 0.169197 0.169197 2 2 0
1.54038 0.168772 0.168772 2 2 0
1.53948 0.168348 0.168348 2 2 0
1.53857 0.167925 0.167925 2 2 0
1.53767 0.167502 0.167502 2 2 0
1.53676 0.16708 0.16708 2 2 0
1.53585 0.166659 0.166659 2 2 0
1.53495 0.166239 0.166239 2 2 0
1.53404 0.16582 0.16582 2 2 0
1.53313 0.165401 0.165401 2 2 0
1.53222 0.164983 0.164983 2 2 0
1.53131 0.164565 0.164565 2 2 0
1.5304 0.164148 0.164148 2 2 0
1.52949 0.163733 0.163733 2 2 0
1.52858 0.163317 0.163317 2 2 0
1.52767 0.162903 0.162903 2 2 0
1.52676 0.162489 0.162489 2 2 0
1.52585 0.162076 0.162076 2 2 0
1.52494 0.161664 0.161664 2 2 0
1.52403 0.161252 0.161252 2 2 0
1.52312 0.160841 0.160841 2 2 0
1.52221 0.160431 0.160431 2 2 0
1.52129 0.160021 0.160021 2 2 0
1.52038 0.159612 0.159612 2 2 0
1.51947 0.159204 0.159204 2 2 0
1.51856 0.158797 0.158797 2 2 0
1.51764 0.15839 0.15839 2 2 0
1.51673 0.157984 0.157984 2 2 0
1.51581 0.157579 0.157579 2 2 0
1.5149 0.157174 0.157174 2 2 0
1.51398 0.15677 0.15677 2 2 0
1.51307 0.156367 0.156367 2 2 0
1.51215 0.155965 0.155965 2 2 0
1.51124 0.155563 0.155563 2 2 0
1.51032 0.155162 0.155162 2 2 0
1.50941 0.154761 0.154761 2 2 0
1.50849 0.154362 0.154362 2 2 0
1.50757 0.153962 0.153962 2 2 0
1.50666 0.153564 0.153564 2 2 0
1.50574 0.153166 0.153166 2 2 0
1.50482 0.152769 0.152769 2 2 0
1.5039 0.152373 0.152373 2 2 0
1.50298 0.151977 0.151977 2 2 0
1.50207 0.151582 0.151582 2 2 0
1.50115 0.151188 0.151188 2 2 0
1.50023 0.150794 0.150794 2 2 0
1.49931 0.150401 0.150401 2 2 0
1.49839 0.150009 0.150009 2 2 0
1.49747 0.149617 0.149617 2 2 0
1.49655 0.149227 0.149227 2 2 0
1.49563 0.148836 0.148836 2 2 0
1.49471 0.148447 0.148447 2 2 0
1.49378 0.148058 0.148058 2 2 0
1.49286 0.147669 0.147669 2 2 0
1.49194 0.147282 0.147282 2 2 0
1.49102 0.146895 0.146895 2 2 0
1.4901 0.146508 0.146508 2 2 0
1.48917 0.146123 0.146123 2 2 0
1.48825 0.145738 0.145738 2 2 0
1.48733 0.145353 0.145353 2 2 0
1.4864 0.14497 0.14497 2 2 0
1.48548 0.144587 0.144587 2 2 0
1.48456 0.144204 0.144204 2 2 0
1.48363 0.143822 0.143822 2 2 0
1.48271 0.143441 0.143441 2 2 0
1.48178 0.143061 0.143061 2 2 0
1.48086 0.142681 0.142681 2 2 0
1.47993 0.142302 0.142302 2 2 0
1.47901 0.141923 0.141923 2 2 0
1.47808 0.141545 0.141545 2 2 0
1.47715 0.141168 0.141168 2 2 0
1.47623 0.140791 0.140791 2 2 0
1.4753 0.140415 0.140415 2 2 0
1.47437 0.14004 0.14004 2 2 0
1.47345 0.139665 0.139665 2 2 0
1.47252 0.139291 0.139291 2 2 0
1.47159 0.138918 0.138918 2 2 0
1.47066 0.138545 0.138545 2 2 0
1.46974 0.138173 0.138173 2 2 0
1.46881 0.137801 0.137801 2 2 0
1.46788 0.13743 0.13743 2 2 0
1.46695 0.13706 0.13706 2 2 0
1.46602 0.13669 0.13669 2 2 0
1.46509 0.136321 0.136321 2 2 0
1.46416 0.135953 0.135953 2 2 0
1.46323 0.135585 0.135585 2 2 0
1.4623 0.135218 0.135218 2 2 0
1.46137 0.134851 0.134851 2 2 0
1.46044 0.134485 0.134485 2 2 0
1.45951 0.13412 0.13412 2 2 0
1.45858 0.133755 0.133755 2 2 0
1.45765 0.133391 0.133391 2 2 0
1.45672 0.133027 0.133027 2 2 0
1.45578 0.132664 0.132664 2 2 0
1.45485 0.132302 0.132302 2 2 0
1.45392 0.13194 0.13194 2 2 0
1.45299 0.131579 0.131579 2 2 0
1.45206 0.131218 0.131218 2 2 0
1.45112 0.130859 0.130859 2 2 0
1.45019 0.130499 0.130499 2 2 0
1.44926 0.13014 0.13014 2 2 0
1.44832 0.129782 0.129782 2 2 0
1.44739 0.129425 0.129425 2 2 0
1.44645 0.129068 0.129068 2 2 0
1.44552 0.128712 0.128712 2 2 0
1.44458 0.128356 0.128356 2 2 0
1.44365 0.128001 0.128001 2 2 0
1.44272 0.127646 0.127646 2 2 0
1.44178 0.127292 0.127292 2 2 0
1.44084 0.126939 0.126939 2 2 0
1.43991 0.126586 0.126586 2 2 0
1.43897 0.126234 0.126234 2 2 0
1.43804 0.125882 0.125882 2 2 0
1.4371 0.125531 0.125531 2 2 0
1.43616 0.125181 0.125181 2 2 0
1.43523 0.124831 0.124831 2 2 0
1.43429 0.124482 0.124482 2 2 0
1.43335 0.124133 0.124133 2 2 0
1.43242 0.123785 0.123785 2 2 0
1.43148 0.123438 0.123438 2 2 0
1.43054 0.123091 0.123091 2 2 0
1.4296 0.122744 0.122744 2 2 0
1.42866 0.122398 0.122398 2 2 0
1.42772 0.122053 0.122053 2 2 0
1.42679 0.121709 0.121709 2 2 0
1.42585 0.121364 0.121364 2 2 0
1.42491 0.121021 0.121021 2 2 0
1.42397 0.120678 0.120678 2 2 0
1.42303 0.120336 0.120336 2 2 0
1.42209 0.119994 0.119994 2 2 0
1.42115 0.119653 0.119653 2 2 0
1.42021 0.119312 0.119312 2 2 0
1.41927 0.118972 0.118972 2 2 0
1.41833 0.118632 0.118632 2 2 0
1.41739 0.118293 0.118293 2 2 0
1.41645 0.117955 0.117955 2 2 0
1.4155 0.117617 0.117617 2 2 0
1.41456 0.11728 0.11728 2 2 0
1.41362 0.116943 0.116943 2 2 0
1.41268 0.116607 0.116607 2 2 0
1.41174 0.116271 0.116271 2 2 0
1.4108 0.115936 0.115936 2 2 0
1.40985 0.115602 0.115602 2 2 0
1.40891 0.115268 0.115268 2 2 0
1.40797 0.114934 0.114934 2 2 0
1.40703 0.114601 0.114601 2 2 0
1.40608 0.114269 0.114269 2 2 0
1.40514 0.113937 0.113937 2 2 0
1.4042 0.113606 0.113606 2 2 0
1.40325 0.113275 0.113275 2 2 0
1.40231 0.112945 0.112945 2 2 0
1.40136 0.112616 0.112616 2 2 0
1.40042 0.112287 0.112287 2 2 0
1.39947 0.111958 0.111958 2 2 0
1.39853 0.11163 0.11163 2 2 0
1.39758 0.111303 0.111303 2 2 0
1.39664 0.110976 0.110976 2 2 0
1.39569 0.11065 0.11065 2 2 0
1.39475 0.110324 0.110324 2 2 0
1.3938 0.109999 0.109999 2 2 0
1.39286 0.109674 0.109674 2 2 0
1.39191 0.10935 0.10935 2 2 0
1.39097 0.109026 0.109026 2 2 0
1.39002 0.108703 0.108703 2 2 0
1.38907 0.10838 0.10838 2 2 0
1.38813 0.108058 0.108058 2 2 0
1.38718 0.107737 0.107737 2 2 0
1.38623 0.107416 0.107416 2 2 0
1.38528 0.107095 0.107095 2 2 0
1.38434 0.106775 0.106775 2 2 0
1.38339 0.106456 0.106456 2 2 0
1.38244 0.106137 0.106137 2 2 0
1.38149 0.105818 0.105818 2 2 0
1.38055 0.105501 0.105501 2 2 0
1.3796 0.105183 0.105183 2 2 0
1.37865 0.104866 0.104866 2 2 0
1.3777 0.10455 0.10455 2 2 0
1.37675 0.104234 0.104234 2 2 0
1.3758 0.103919 0.103919 2 2 0
1.37485 0.103604 0.103604 2 2 0
1.3739 0.10329 0.10329 2 2 0
1.37295 0.102976 0.102976 2 2 0
1.372 0.102663 0.102663 2 2 0
1.37105 0.102351 0.102351 2 2 0
1.3701 0.102038 0.102038 2 2 0
1.36915 0.101727 0.101727 2 2 0
1.3682 0.101416 0.101416 2 2 0
1.36725 0.101105 0.101105 2 2 0
1.3663 0.100795 0.100795 2 2 0
1.36535 0.100485 0.100485 2 2 0
1.3644 0.100176 0.100176 2 2 0
1.36345 0.0998675 0.0998675 2 2 0
1.3625 0.0995594 0.0995594 2 2 0
1.36155 0.0992518 0.0992518 2 2 0
1.3606 0.0989447 0.0989447 2 2 0
1.35964 0.0986381 0.0986381 2 2 0
1.35869 0.098332 0.098332 2 2 0
1.35774 0.0980264 0.0980264 2 2 0
1.35679 0.0977213 0.0977213 2 2 0
1.35583 0.0974167 0.0974167 2 2 0
1.35488 0.0971126 0.0971126 2 2 0
1.35393 0.096809 0.096809 2 2 0
1.35298 0.0965059 0.0965059 2 2 0
1.35202 0.0962033 0.0962033 2 2 0
1.35107 0.0959012 0.0959012 2 2 0
1.35012 0.0955996 0.0955996 2 2 0
1.34916 0.0952984 0.0952984 2 2 0
1.34821 0.0949978 0.0949978 2 2 0
1.34726 0.0946976 0.0946976 2 2 0
1.3463 0.094398 0.094398 2 2 0
1.34535 0.0940988 0.0940988 2 2 0
1.34439 0.0938001 0.0938001 2 2 0
1.34344 0.0935019 0.0935019 2 2 0
1.34248 0.0932042 0.0932042 2 2 0
1.34153 0.092907 0.092907 2 2 0
1.34057 0.0926103 0.0926103 2 2 0
1.33962 0.092314 0.092314 2 2 0
1.33866 0.0920183 0.0920183 2 2 0
1.33771 0.091723 0.091723 2 2 0
1.33675 0.0914282 0.0914282 2 2 0
1.3358 0.0911338 0.0911338 2 2 0
1.33484 0.09084 0.09084 2 2 0
1.33388 0.0905466 0.0905466 2 2 0
1.33293 0.0902537 0.0902537 2 2 0
1.33197 0.0899613 0.0899613 2 2 0
1.33102 0.0896694 0.0896694 2 2 0
1.33006 0.0893779 0.0893779 2 2 0
1.3291 0.0890869 0.0890869 2 2 0
1.32815 0.0887964 0.0887964 2 2 0
1.32719 0.0885064 0.0885064 2 2 0
1.32623 0.0882168 0.0882168 2 2 0
1.32527 0.0879277 0.0879277 2 2 0
1.32432 0.0876391 0.0876391 2 2 0
1.32336 0.0873509 0.0873509 2 2 0
1.3224 0.0870632 0.0870632 2 2 0
1.32144 0.086776 0.086776 2 2 0
1.32049 0.0864893 0.0864893 2 2 0
1.31953 0.086203 0.086203 2 2 0
1.31857 0.0859172 0.0859172 2 2 0
1.31761 0.0856318 0.0856318 2 2 0
1.31665 0.0853469 0.0853469 2 2 0
1.31569 0.0850625 0.0850625 2 2 0
1.31473 0.0847785 0.0847785 2 2 0
1.31378 0.084495 0.084495 2 2 0
1.31282 0.0842119 0.0842119 2 2 0
1.31186 0.0839294 0.0839294 2 2 0
1.3109 0.0836472 0.0836472 2 2 0
1.30994 0.0833656 0.0833656 2 2 0
1.30898 0.0830843 0.0830843 2 2 0
1.30802 0.0828036 0.0828036 2 2 0
1.30706 0.0825233 0.0825233 2 2 0
1.3061 0.0822434 0.0822434 2 2 0
1.30514 0.081964 0.081964 2 2 0
1.30418 0.0816851 0.0816851 2 2 0
1.30322 0.0814066 0.0814066 2 2 0
1.30226 0.0811286 0.0811286 2 2 0
1.3013 0.080851 0.080851 2 2 0
1.30034 0.0805738 0.0805738 2 2 0
1.29938 0.0802971 0.0802971 2 2 0
1.29841 0.0800209 0.0800209 2 2 0
1.29745 0.0797451 0.0797451 2 2 0
1.29649 0.0794698 0.0794698 2 2 0
1.29553 0.0791949 0.0791949 2 2 0
1.29457 0.0789204 0.0789204 2 2 0
1.29361 0.0786464 0.0786464 2 2 0
1.29264 0.0783728 0.0783728 2 2 0
1.29168 0.0780997 0.0780997 2 2 0
1.29072 0.077827 0.077827 2 2 0
1.28976 0.0775548 0.0775548 2 2 0
1.2888 0.077283 0.077283 2 2 0
1.28783 0.0770116 0.0770116 2 2 0
1.28687 0.0767407 0.0767407 2 2 0
1.28591 0.0764702 0.0764702 2 2 0
1.28495 0.0762001 0.0762001 2 2 0
1.28398 0.0759305 0.0759305 2 2 0
1.28302 0.0756613 0.0756613 2 2 0
1.28206 0.0753926 0.0753926 2 2 0
1.28109 0.0751243 0.0751243 2 2 0
1.28013 0.0748564 0.0748564 2 2 0
1.27917 0.0745889 0.0745889 2 2 0
1.2782 0.0743219 0.0743219 2 2 0
1.27724 0.0740553 0.0740553 2 2 0
1.27627 0.0737892 0.0737892 2 2 0
1.27531 0.0735235 0.0735235 2 2 0
1.27435 0.0732582 0.0732582 2 2 0
1.27338 0.0729933 0.0729933 2 2 0
1.27242 0.0727288 0.0727288 2 2 0
1.27145 0.0724648 0.0724648 2 2 0
1.27049 0.0722012 0.0722012 2 2 0
1.26952 0.0719381 0.0719381 2 2 0
1.26856 0.0716753 0.0716753 2 2 0
1.26759 0.071413 0.071413 2 2 0
1.26663 0.0711511 0.0711511 2 2 0
1.26566 0.0708896 0.0708896 2 2 0
1.2647 0.0706285 0.0706285 2 2 0
1.26373 0.0703679 0.0703679 2 2 0
1.26277 0.0701077 0.0701077 2 2 0
1.2618 0.0698479 0.0698479 2 2 0
1.26084 0.0695885 0.0695885 2 2 0
1.25987 0.0693295 0.0693295 2 2 0
1.2589 0.0690709 0.0690709 2 2 0
1.25794 0.0688128 0.0688128 2 2 0
1.25697 0.0685551 0.0685551 2 2 0
1.25601 0.0682977 0.0682977 2 2 0
1.25504 0.0680408 0.0680408 2 2 0
1.25407 0.0677843 0.0677843 2 2 0
1.25311 0.0675283 0.0675283 2 2 0
1.25214 0.0672726 0.0672726 2 2 0
1.25117 0.0670173 0.0670173 2 2 0
1.25021 0.0667625 0.0667625 2 2 0
1.24924 0.066508 0.066508 2 2 0
1.24827 0.066254 0.066254 2 2 0
1.2473 0.0660003 0.0660003 2 2 0
1.24634 0.0657471 0.0657471 2 2 0
1.24537 0.0654942 0.0654942 2 2 0
1.2444 0.0652418 0.0652418 2 2 0
1.24343 0.0649898 0.0649898 2 2 0
1.24247 0.0647382 0.0647382 2 2 0
1.2415 0.0644869 0.0644869 2 2 0
1.24053 0.0642361 0.0642361 2 2 0
1.23956 0.0639857 0.0639857 2 2 0
1.23859 0.0637357 0.0637357 2 2 0
1.23762 0.063486 0.063486 2 2 0
1.23666 0.0632368 0.0632368 2 2 0
1.23569 0.062988 0.062988 2 2 0
1.23472 0.0627395 0.0627395 2 2 0
1.23375 0.0624915 0.0624915 2 2 0
1.23278 0.0622438 0.0622438 2 2 0
1.23181 0.0619965 0.0619965 2 2 0
1.23084 0.0617497 0.0617497 2 2 0
1.22987 0.0615032 0.0615032 2 2 0
1.22891 0.0612571 0.0612571 2 2 0
1.22794 0.0610114 0.0610114 2 2 0
1.22697 0.0607661 0.0607661 2 2 0
1.226 0.0605211 0.0605211 2 2 0
1.22503 0.0602766 0.0602766 2 2 0
1.22406 0.0600324 0.0600324 2 2 0
1.22309 0.0597886 0.0597886 2 2 0
1.22212 0.0595452 0.0595452 2 2 0
1.22115 0.0593022 0.0593022 2 2 0
1.22018 0.0590596 0.0590596 2 2 0
1.21921 0.0588174 0.0588174 2 2 0
1.21824 0.0585755 0.0585755 2 2 0
1.21727 0.058334 0.058334 2 2 0
1.2163 0.0580929 0.0580929 2 2 0
1.21533 0.0578521 0.0578521 2 2 0
1.21435 0.0576118 0.0576118 2 2 0
1.21338 0.0573718 0.0573718 2 2 0
1.21241 0.0571322 0.0571322 2 2 0
1.21144 0.056893 0.056893 2 2 0
1.21047 0.0566541 0.0566541 2 2 0
1.2095 0.0564156 0.0564156 2 2 0
1.20853 0.0561775 0.0561775 2 2 0
1.20756 0.0559397 0.0559397 2 2 0
1.20659 0.0557024 0.0557024 2 2 0
1.20561 0.0554653 0.0554653 2 2 0
1.20464 0.0552287 0.0552287 2 2 0
1.20367 0.0549924 0.0549924 2 2 0
1.2027 0.0547565 0.0547565 2 2 0
1.20173 0.0545209 0.0545209 2 2 0
1.20076 0.0542857 0.0542857 2 2 0
1.19978 0.0540509 0.0540509 2 2 0
1.19881 0.0538165 0.0538165 2 2 0
1.19784 0.0535823 0.0535823 2 2 0
1.19687 0.0533486 0.0533486 2 2 0
1.19589 0.0531152 0.0531152 2 2 0
1.19492 0.0528822 0.0528822 2 2 0
1.19395 0.0526495 0.0526495 2 2 0
1.19298 0.0524172 0.0524172 2 2 0
1.192 0.0521852 0.0521852 2 2 0
1.19103 0.0519536 0.0519536 2 2 0
1.19006 0.0517223 0.0517223 2 2 0
1.18909 0.0514914 0.0514914 2 2 0
1.18811 0.0512609 0.0512609 2 2 0
1.18714 0.0510306 0.0510306 2 2 0
1.18617 0.0508008 0.0508008 2 2 0
1.18519 0.0505712 0.0505712 2 2 0
1.18422 0.0503421 0.0503421 2 2 0
1.18325 0.0501132 0.0501132 2 2 0
1.18227 0.0498848 0.0498848 2 2 0
1.1813 0.0496566 0.0496566 2 2 0
1.18033 0.0494288 0.0494288 2 2 0
1.17935 0.0492013 0.0492013 2 2 0
1.17838 0.0489742 0.0489742 2 2 0
1.1774 0.0487474 0.0487474 2 2 0
1.17643 0.048521 0.048521 2 2 0
1.17546 0.0482948 0.0482948 2 2 0
1.17448 0.0480691 0.0480691 2 2 0
1.17351 0.0478436 0.0478436 2 2 0
1.17253 0.0476185 0.0476185 2 2 0
1.17156 0.0473937 0.0473937 2 2 0
1.17058 0.0471692 0.0471692 2 2 0
1.16961 0.0469451 0.0469451 2 2 0
1.16863 0.0467213 0.0467213 2 2 0
1.16766 0.0464978 0.0464978 2 2 0
1.16668 0.0462746 0.0462746 2 2 0
1.16571 0.0460518 0.0460518 2 2 0
1.16474 0.0458293 0.0458293 2 2 0
1.16376 0.0456071 0.0456071 2 2 0
1.16279 0.0453852 0.0453852 2 2 0
1.16181 0.0451636 0.0451636 2 2 0
1.16083 0.0449424 0.0449424 2 2 0
1.15986 0.0447215 0.0447215 2 2 0
1.15888 0.0445008 0.0445008 2 2 0
1.15791 0.0442805 0.0442805 2 2 0
1.15693 0.0440605 0.0440605 2 2 0
1.15596 0.0438408 0.0438408 2 2 0
1.15498 0.0436215 0.0436215 2 2 0
1.15401 0.0434024 0.0434024 2 2 0
1.15303 0.0431836 0.0431836 2 2 0
1.15205 0.0429651 0.0429651 2 2 0
1.15108 0.042747 0.042747 2 2 0
1.1501 0.0425291 0.0425291 2 2 0
1.14913 0.0423115 0.0423115 2 2 0
1.14815 0.0420943 0.0420943 2 2 0
1.14717 0.0418773 0.0418773 2 2 0
1.1462 0.0416606 0.0416606 2 2 0
1.14522 0.0414442 0.0414442 2 2 0
1.14425 0.0412281 0.0412281 2 2 0
1.14327 0.0410122 0.0410122 2 2 0
1.14229 0.0407967 0.0407967 2 2 0
1.14132 0.0405815 0.0405815 2 2 0
1.14034 0.0403665 0.0403665 2 2 0
1.13936 0.0401518 0.0401518 2 2 0
1.13839 0.0399374 0.0399374 2 2 0
1.13741 0.0397232 0.0397232 2 2 0
1.13643 0.0395094 0.0395094 2 2 0
1.13546 0.0392958 0.0392958 2 2 0
1.13448 0.0390825 0.0390825 2 2 0
1.1335 0.0388694 0.0388694 2 2 0
1.13252 0.0386567 0.0386567 2 2 0
1.13155 0.0384441 0.0384441 2 2 0
1.13057 0.0382319 0.0382319 2 2 0
1.12959 0.0380199 0.0380199 2 2 0
1.12862 0.0378081 0.0378081 2 2 0
1.12764 0.0375967 0.0375967 2 2 0
1.12666 0.0373854 0.0373854 2 2 0
1.12568 0.0371744 0.0371744 2 2 0
1.12471 0.0369637 0.0369637 2 2 0
1.12373 0.0367532 0.0367532 2 2 0
1.12275 0.036543 0.036543 2 2 0
1.12177 0.036333 0.036333 2 2 0
1.12079 0.0361232 0.0361232 2 2 0
1.11982 0.0359137 0.0359137 2 2 0
1.11884 0.0357044 0.0357044 2 2 0
1.11786 0.0354954 0.0354954 2 2 0
1.11688 0.0352865 0.0352865 2 2 0
1.11591 0.0350779 0.0350779 2 2 0
1.11493 0.0348695 0.0348695 2 2 0
1.11395 0.0346614 0.0346614 2 2 0
1.11297 0.0344534 0.0344534 2 2 0
1.11199 0.0342457 0.0342457 2 2 0
1.11101 0.0340381 0.0340381 2 2 0
1.11004 0.0338308 0.0338308 2 2 0
1.10906 0.0336237 0.0336237 2 2 0
1.10808 0.0334168 0.0334168 2 2 0
1.1071 0.0332101 0.0332101 2 2 0
1.10612 0.0330035 0.0330035 2 2 0
1.10514 0.0327972 0.0327972 2 2 0
1.10417 0.0325911 0.0325911 2 2 0
1.10319 0.0323851 0.0323851 2 2 0
1.10221 0.0321793 0.0321793 2 2 0
1.10123 0.0319737 0.0319737 2 2 0
1.10025 0.0317682 0.0317682 2 2 0
1.09927 0.031563 0.031563 2 2 0
1.09829 0.0313578 0.0313578 2 2 0
1.09732 0.0311529 0.0311529 2 2 0
1.09634 0.0309481 0.0309481 2 2 0
1.09536 0.0307434 0.0307434 2 2 0
1.09438 0.0305389 0.0305389 2 2 0
1.0934 0.0303345 0.0303345 2 2 0
1.09242 0.0301303 0.0301303 2 2 0
1.09144 0.0299262 0.0299262 2 2 0
1.09046 0.0297222 0.0297222 2 2 0
1.08948 0.0295183 0.0295183 2 2 0
1.0885 0.0293146 0.0293146 2 2 0
1.08753 0.0291109 0.0291109 2 2 0
1.08655 0.0289074 0.0289074 2 2 0
1.08557 0.0287039 0.0287039 2 2 0
1.08459 0.0285005 0.0285005 2 2 0
1.08361 0.0282973 0.0282973 2 2 0
1.08263 0.0280941 0.0280941 2 2 0
1.08165 0.0278909 0.0278909 2 2 0
1.08067 0.0276878 0.0276878 2 2 0
1.07969 0.0274848 0.0274848 2 2 0
1.07871 0.0272819 0.0272819 2 2 0
1.07773 0.0270789 0.0270789 2 2 0
1.07676 0.026876 0.026876 2 2 0
1.07578 0.0266732 0.0266732 2 2 0
1.0748 0.0264703 0.0264703 2 2 0
1.07382 0.0262675 0.0262675 2 2 0
1.07284 0.0260646 0.0260646 2 2 0
1.07186 0.0258617 0.0258617 2 2 0
1.07088 0.0256588 0.0256588 2 2 0
1.0699 0.0254559 0.0254559 2 2 0
1.06892 0.025253 0.025253 2 2 0
1.06794 0.0250499 0.0250499 2 2 0
1.06696 0.0248469 0.0248469 2 2 0
1.06598 0.0246437 0.0246437 2 2 0
1.065 0.0244404 0.0244404 2 2 0
1.06403 0.0242371 0.0242371 2 2 0
1.06305 0.0240336 0.0240336 2 2 0
1.06207 0.02383 0.02383 2 2 0
1.06109 0.0236263 0.0236263 2 2 0
1.06011 0.0234224 0.0234224 2 2 0
1.05913 0.0232183 0.0232183 2 2 0
1.05815 0.0230141 0.0230141 2 2 0
1.05717 0.0228096 0.0228096 2 2 0
1.05619 0.0226049 0.0226049 2 2 0
1.05522 0.0224 0.0224 2 2 0
1.05424 0.0221948 0.0221948 2 2 0
1.05326 0.0219893 0.0219893 2 2 0
1.05228 0.0217835 0.0217835 2 2 0
1.0513 0.0215774 0.0215774 2 2 0
1.05032 0.0213709 0.0213709 2 2 0
1.04934 0.021164 0.021164 2 2 0
1.04837 0.0209568 0.0209568 2 2 0
1.04739 0.0207491 0.0207491 2 2 0
1.04641 0.0205409 0.0205409 2 2 0
1.04543 0.0203323 0.0203323 2 2 0
1.04445 0.0201231 0.0201231 2 2 0
1.04348 0.0199134 0.0199134 2 2 0
1.0425 0.0197031 0.0197031 2 2 0
1.04152 0.0194921 0.0194921 2 2 0
1.04054 0.0192805 0.0192805 2 2 0
1.03957 0.0190681 0.0190681 2 2 0
1.03859 0.018855 0.018855 2 2 0
1.03761 0.018641 0.018641 2 2 0
1.03664 0.0184262 0.0184262 2 2 0
1.03566 0.0182104 0.0182104 2 2 0
1.03468 0.0179937 0.0179937 2 2 0
1.03371 0.0177759 0.0177759 2 2 0
1.03273 0.0175569 0.0175569 2 2 0
1.03176 0.0173368 0.0173368 2 2 0
1.03078 0.0171153 0.0171153 2 2 0
1.02981 0.0168925 0.0168925 2 2 0
1.02883 0.0166682 0.0166682 2 2 0
1.02786 0.0164423 0.0164423 2 2 0
1.02688 0.0162147 0.0162147 2 2 0
1.02591 0.0159852 0.0159852 2 2 0
1.02494 0.0157538 0.0157538 2 2 0
1.02396 0.0155202 0.0155202 2 2 0
1.02299 0.0152844 0.0152844 2 2 0
1.02202 0.015046 0.015046 2 2 0
1.02105 0.0148049 0.0148049 2 2 0
1.02008 0.0145609 0.0145609 2 2 0
1.01911 0.0143136 0.0143136 2 2 0
1.01814 0.0140628 0.0140628 2 2 0
1.01718 0.0138081 0.0138081 2 2 0
1.01621 0.0135491 0.0135491 2 2 0
1.01525 0.0132854 0.0132854 2 2 0
1.01428 0.0130164 0.0130164 2 2 0
1.01332 0.0127414 0.0127414 2 2 0
1.01236 0.0124598 0.0124598 2 2 0
1.01141 0.0121706 0.0121706 2 2 0
1.01045 0.0118728 0.0118728 2 2 0
1.0095 0.0115649 0.0115649 2 2 0
1.00855 0.0112453 0.0112453 2 2 0
1.00761 0.0109118 0.0109118 2 2 0
1.00667 0.0105617 0.0105617 2 2 0
1.00574 0.0101912 0.0101912 2 2 0
1.00482 0.00979505 0.00979505 2 2 0
1.00392 0.00936595 0.00936595 2 2 0
1.00304 0.0088929 0.0088929 2 2 0
1.00219 0.00835895 0.00835895 2 2 0
1.0014 0.00773812 0.00773812 2 2 0
1.00073 0.0069927 0.0069927 2 2 0
1.00011 0.00620816 0.00620816 2 2 0
1.00011 0.00620816 0.00620816 2 2 0
1.84878 0.5 0.5 2 2 0
1.84878 0.501 0.501 2 2 0
1.84877 0.502 0.502 2 2 0
1.84876 0.503 0.503 2 2 0
1.84874 0.504 0.504 2 2 0
1.84872 0.505 0.505 2 2 0
1.84869 0.505999 0.505999 2 2 0
1.84866 0.506999 0.506999 2 2 0
1.84862 0.507998 0.507998 2 2 0
1.84858 0.508997 0.508997 2 2 0
1.84853 0.509996 0.509996 2 2 0
1.84848 0.510995 0.510995 2 2 0
1.84842 0.511993 0.511993 2 2 0
1.84836 0.512991 0.512991 2 2 0
1.84829 0.513989 0.513989 2 2 0
1.84822 0.514986 0.514986 2 2 0
1.84814 0.515983 0.515983 2 2 0
1.84806 0.51698 0.51698 2 2 0
1.84797 0.517976 0.517976 2 2 0
1.84788 0.518972 0.518972 2 2 0
1.84778 0.519967 0.519967 2 2 0
1.84768 0.520962 0.520962 2 2 0
1.84758 0.521956 0.521956 2 2 0
1.84747 0.52295 0.52295 2 2 0
1.84735 0.523944 0.523944 2 2 0
1.84723 0.524936 0.524936 2 2 0
1.8471 0.525928 0.525928 2 2 0
1.84697 0.52692 0.52692 2 2 0
1.84684 0.52791 0.52791 2 2 0
1.8467 0.528901 0.528901 2 2 0
1.84655 0.52989 0.52989 2 2 0
1.8464 0.530879 0.530879 2 2 0
1.84625 0.531867 0.531867 2 2 0
1.84609 0.532854 0.532854 2 2 0
1.84592 0.53384 0.53384 2 2 0
1.84575 0.534826 0.534826 2 2 0
1.84558 0.535811 0.535811 2 2 0
1.8454 0.536795 0.536795 2 2 0
1.84522 0.537778 0.537778 2 2 0
1.84503 0.53876 0.53876 2 2 0
1.84484 0.539741 0.539741 2 2 0
1.84464 0.540722 0.540722 2 2 0
1.84444 0.541701 0.541701 2 2 0
1.84423 0.542679 0.542679 2 2 0
1.84402 0.543657 0.543657 2 2 0
1.8438 0.544633 0.544633 2 2 0
1.84358 0.545609 0.545609 2 2 0
1.84336 0.546583 0.546583 2 2 0
1.84313 0.547557 0.547557 2 2 0
1.8429 0.548529 0.548529 2 2 0
1.84266 0.5495 0.5495 2 2 0
1.84241 0.55047 0.55047 2 2 0
1.84217 0.551439 0.551439 2 2 0
1.84192 0.552407 0.552407 2 2 0
1.84166 0.553374 0.553374 2 2 0
1.8414 0.554339 0.554339 2 2 0
1.84113 0.555303 0.555303 2 2 0
1.84086 0.556266 0.556266 2 2 0
1.84059 0.557228 0.557228 2 2 0
1.84031 0.558189 0.558189 2 2 0
1.84003 0.559148 0.559148 2 2 0
1.83974 0.560106 0.560106 2 2 0
1.83945 0.561063 0.561063 2 2 0
1.83916 0.562018 0.562018 2 2 0
1.83886 0.562972 0.562972 2 2 0
1.83855 0.563925 0.563925 2 2 0
1.83825 0.564877 0.564877 2 2 0
1.83794 0.565827 0.565827 2 2 0
1.83762 0.566776 0.566776 2 2 0
1.8373 0.567723 0.567723 2 2 0
1.83697 0.568669 0.568669 2 2 0
1.83665 0.569613 0.569613 2 2 0
1.83631 0.570557 0.570557 2 2 0
1.83598 0.571498 0.571498 2 2 0
1.83564 0.572438 0.572438 2 2 0
1.83529 0.573377 0.573377 2 2 0
1.83494 0.574314 0.574314 2 2 0
1.83459 0.57525 0.57525 2 2 0
1.83423 0.576185 0.576185 2 2 0
1.83387 0.577117 0.577117 2 2 0
1.83351 0.578049 0.578049 2 2 0
1.83314 0.578979 0.578979 2 2 0
1.83277 0.579907 0.579907 2 2 0
1.83239 0.580834 0.580834 2 2 0
1.83201 0.581759 0.581759 2 2 0
1.83163 0.582682 0.582682 2 2 0
1.83124 0.583604 0.583604 2 2 0
1.83085 0.584525 0.584525 2 2 0
1.83046 0.585444 0.585444 2 2 0
1.83006 0.586361 0.586361 2 2 0
1.82966 0.587277 0.587277 2 2 0
1.82925 0.588191 0.588191 2 2 0
1.82884 0.589103 0.589103 2 2 0
1.82843 0.590014 0.590014 2 2 0
1.82801 0.590923 0.590923 2 2 0
1.82759 0.591831 0.591831 2 2 0
1.82717 0.592737 0.592737 2 2 0
1.82674 0.593641 0.593641 2 2 0
1.82631 0.594544 0.594544 2 2 0
1.82588 0.595445 0.595445 2 2 0
1.82544 0.596344 0.596344 2 2 0
1.825 0.597242 0.597242 2 2 0
1.82456 0.598138 0.598138 2 2 0
1.82411 0.599032 0.599032 2 2 0
1.82366 0.599925 0.599925 2 2 0
1.8232 0.600815 0.600815 2 2 0
1.82275 0.601705 0.601705 2 2 0
1.82229 0.602592 0.602592 2 2 0
1.82182 0.603478 0.603478 2 2 0
1.82136 0.604362 0.604362 2 2 0
1.82088 0.605244 0.605244 2 2 0
1.82041 0.606125 0.606125 2 2 0
1.81993 0.607004 0.607004 2 2 0
1.81945 0.607881 0.607881 2 2 0
1.81897 0.608757 0.608757 2 2 0
1.81848 0.60963 0.60963 2 2 0
1.81799 0.610502 0.610502 2 2 0
1.8175 0.611373 0.611373 2 2 0
1.81701 0.612241 0.612241 2 2 0
1.81651 0.613108 0.613108 2 2 0
1.81601 0.613973 0.613973 2 2 0
1.8155 0.614837 0.614837 2 2 0
1.81499 0.615698 0.615698 2 2 0
1.81448 0.616558 0.616558 2 2 0
1.81397 0.617416 0.617416 2 2 0
1.81345 0.618272 0.618272 2 2 0
1.81293 0.619127 0.619127 2 2 0
1.81241 0.61998 0.61998 2 2 0
1.81189 0.620831 0.620831 2 2 0
1.81136 0.62168 0.62168 2 2 0
1.81083 0.622528 0.622528 2 2 0
1.8103 0.623374 0.623374 2 2 0
1.80976 0.624218 0.624218 2 2 0
1.80922 0.62506 0.62506 2 2 0
1.80868 0.625901 0.625901 2 2 0
1.80813 0.62674 0.62674 2 2 0
1.80759 0.627577 0.627577 2 2 0
1.80704 0.628412 0.628412 2 2 0
1.80648 0.629246 0.629246 2 2 0
1.80593 0.630077 0.630077 2 2 0
1.80537 0.630908 0.630908 2 2 0
1.80481 0.631736 0.631736 2 2 0
1.80425 0.632562 0.632562 2 2 0
1.80368 0.633387 0.633387 2 2 0
1.80312 0.63421 0.63421 2 2 0
1.80254 0.635032 0.635032 2 2 0
1.80197 0.635851 0.635851 2 2 0
1.8014 0.636669 0.636669 2 2 0
1.80082 0.637485 0.637485 2 2 0
1.80024 0.638299 0.638299 2 2 0
1.79966 0.639112 0.639112 2 2 0
1.79907 0.639923 0.639923 2 2 0
1.79848 0.640732 0.640732 2 2 0
1.79789 0.641539 0.641539 2 2 0
1.7973 0.642345 0.642345 2 2 0
1.79671 0.643149 0.643149 2 2 0
1.79611 0.643951 0.643951 2 2 0
1.79551 0.644752 0.644752 2 2 0
1.79491 0.64555 0.64555 2 2 0
1.7943 0.646347 0.646347 2 2 0
1.7937 0.647143 0.647143 2 2 0
1.79309 0.647936 0.647936 2 2 0
1.79248 0.648728 0.648728 2 2 0
1.79186 0.649518 0.649518 2 2 0
1.79125 0.650307 0.650307 2 2 0
1.79063 0.651094 0.651094 2 2 0
1.79001 0.651879 0.651879 2 2 0
1.78939 0.652662 0.652662 2 2 0
1.78877 0.653443 0.653443 2 2 0
1.78814 0.654223 0.654223 2 2 0
1.78751 0.655002 0.655002 2 2 0
1.78688 0.655778 0.655778 2 2 0
1.78625 0.656553 0.656553 2 2 0
1.78562 0.657326 0.657326 2 2 0
1.78498 0.658098 0.658098 2 2 0
1.78434 0.658867 0.658867 2 2 0
1.7837 0.659636 0.659636 2 2 0
1.78306 0.660402 0.660402 2 2 0
1.78242 0.661167 0.661167 2 2 0
1.78177 0.66193 0.66193 2 2 0
1.78112 0.662691 0.662691 2 2 0
1.78047 0.663451 0.663451 2 2 0
1.77982 0.664209 0.664209 2 2 0
1.77917 0.664966 0.664966 2 2 0
1.77851 0.665721 0.665721 2 2 0
1.77785 0.666474 0.666474 2 2 0
1.77719 0.667225 0.667225 2 2 0
1.77653 0.667975 0.667975 2 2 0
1.77587 0.668723 0.668723 2 2 0
1.7752 0.66947 0.66947 2 2 0
1.77453 0.670215 0.670215 2 2 0
1.77387 0.670959 0.670959 2 2 0
1.77319 0.6717 0.6717 2 2 0
1.77252 0.67244 0.67244 2 2 0
1.77185 0.673179 0.673179 2 2 0
1.77117 0.673916 0.673916 2 2 0
1.77049 0.674651 0.674651 2 2 0
1.76981 0.675385 0.675385 2 2 0
1.76913 0.676117 0.676117 2 2 0
1.76845 0.676848 0.676848 2 2 0
1.76777 0.677576 0.677576 2 2 0
1.76708 0.678304 0.678304 2 2 0
1.76639 0.67903 0.67903 2 2 0
1.7657 0.679754 0.679754 2 2 0
1.76501 0.680476 0.680476 2 2 0
1.76432 0.681197 0.681197 2 2 0
1.76362 0.681917 0.681917 2 2 0
1.76293 0.682635 0.682635 2 2 0
1.76223 0.683351 0.683351 2 2 0
1.76153 0.684066 0.684066 2 2 0
1.76083 0.684779 0.684779 2 2 0
1.76013 0.685491 0.685491 2 2 0
1.75942 0.686201 0.686201 2 2 0
1.75872 0.68691 0.68691 2 2 0
1.75801 0.687617 0.687617 2 2 0
1.7573 0.688322 0.688322 2 2 0
1.75659 0.689026 0.689026 2 2 0
1.75588 0.689729 0.689729 2 2 0
1.75517 0.69043 0.69043 2 2 0
1.75445 0.691129 0.691129 2 2 0
1.75374 0.691827 0.691827 2 2 0
1.75302 0.692524 0.692524 2 2 0
1.7523 0.693219 0.693219 2 2 0
1.75158 0.693912 0.693912 2 2 0
1.75086 0.694604 0.694604 2 2 0
1.75013 0.695295 0.695295 2 2 0
1.74941 0.695984 0.695984 2 2 0
1.74868 0.696671 0.696671 2 2 0
1.74796 0.697357 0.697357 2 2 0
1.74723 0.698042 0.698042 2 2 0
1.7465 0.698725 0.698725 2 2 0
1.74576 0.699407 0.699407 2 2 0
1.74503 0.700087 0.700087 2 2 0
1.7443 0.700766 0.700766 2 2 0
1.74356 0.701443 0.701443 2 2 0
1.74282 0.702119 0.702119 2 2 0
1.74209 0.702793 0.702793 2 2 0
1.74135 0.703466 0.703466 2 2 0
1.7406 0.704138 0.704138 2 2 0
1.73986 0.704808 0.704808 2 2 0
1.73912 0.705476 0.705476 2 2 0
1.73837 0.706143 0.706143 2 2 0
1.73763 0.706809 0.706809 2 2 0
1.73688 0.707474 0.707474 2 2 0
1.73613 0.708137 0.708137 2 2 0
1.73538 0.708798 0.708798 2 2 0
1.73463 0.709458 0.709458 2 2 0
1.73388 0.710117 0.710117 2 2 0
1.73313 0.710775 0.710775 2 2 0
1.73237 0.711431 0.711431 2 2 0
1.73161 0.712085 0.712085 2 2 0
1.73086 0.712738 0.712738 2 2 0
1.7301 0.71339 0.71339 2 2 0
1.72934 0.714041 0.714041 2 2 0
1.72858 0.71469 0.71469 2 2 0
1.72782 0.715338 0.715338 2 2 0
1.72705 0.715984 0.715984 2 2 0
1.72629 0.716629 0.716629 2 2 0
1.72552 0.717273 0.717273 2 2 0
1.72476 0.717915 0.717915 2 2 0
1.72399 0.718556 0.718556 2 2 0
1.72322 0.719196 0.719196 2 2 0
1.72245 0.719834 0.719834 2 2 0
1.72168 0.720471 0.720471 2 2 0
1.72091 0.721107 0.721107 2 2 0
1.72014 0.721741 0.721741 2 2 0
1.71936 0.722374 0.722374 2 2 0
1.71859 0.723005 0.723005 2 2 0
1.71781 0.723636 0.723636 2 2 0
1.71703 0.724265 0.724265 2 2 0
1.71625 0.724893 0.724893 2 2 0
1.71547 0.725519 0.725519 2 2 0
1.71469 0.726144 0.726144 2 2 0
1.71391 0.726768 0.726768 2 2 0
1.71313 0.727391 0.727391 2 2 0
1.71235 0.728012 0.728012 2 2 0
1.71156 0.728632 0.728632 2 2 0
1.71078 0.729251 0.729251 2 2 0
1.70999 0.729868 0.729868 2 2 0
1.7092 0.730484 0.730484 2 2 0
1.70841 0.731099 0.731099 2 2 0
1.70762 0.731713 0.731713 2 2 0
1.70683 0.732325 0.732325 2 2 0
1.70604 0.732936 0.732936 2 2 0
1.70525 0.733546 0.733546 2 2 0
1.70446 0.734155 0.734155 2 2 0
1.70366 0.734762 0.734762 2 2 0
1.70287 0.735368 0.735368 2 2 0
1.70207 0.735973 0.735973 2 2 0
1.70127 0.736577 0.736577 2 2 0
1.70047 0.737179 0.737179 2 2 0
1.69968 0.73778 0.73778 2 2 0
1.69888 0.73838 0.73838 2 2 0
1.69807 0.738979 0.738979 2 2 0
1.69727 0.739576 0.739576 2 2 0
1.69647 0.740173 0.740173 2 2 0
1.69567 0.740768 0.740768 2 2 0
1.69486 0.741362 0.741362 2 2 0
1.69406 0.741955 0.741955 2 2 0
1.69325 0.742546 0.742546 2 2 0
1.69244 0.743136 0.743136 2 2 0
1.69163 0.743725 0.743725 2 2 0
1.69083 0.744313 0.744313 2 2 0
1.69002 0.7449 0.7449 2 2 0
1.68921 0.745486 0.745486 2 2 0
1.68839 0.74607 0.74607 2 2 0
1.68758 0.746653 0.746653 2 2 0
1.68677 0.747235 0.747235 2 2 0
1.68595 0.747816 0.747816 2 2 0
1.68514 0.748396 0.748396 2 2 0
1.68432 0.748975 0.748975 2 2 0
1.68351 0.749552 0.749552 2 2 0
1.68269 0.750128 0.750128 2 2 0
1.68187 0.750703 0.750703 2 2 0
1.68105 0.751277 0.751277 2 2 0
1.68023 0.75185 0.75185 2 2 0
1.67941 0.752422 0.752422 2 2 0
1.67859 0.752992 0.752992 2 2 0
1.67777 0.753562 0.753562 2 2 0
1.67695 0.75413 0.75413 2 2 0
1.67612 0.754697 0.754697 2 2 0
1.6753 0.755263 0.755263 2 2 0
1.67447 0.755828 0.755828 2 2 0
1.67365 0.756392 0.756392 2 2 0
1.67282 0.756955 0.756955 2 2 0
1.67199 0.757516 0.757516 2 2 0
1.67117 0.758077 0.758077 2 2 0
1.67034 0.758636 0.758636 2 2 0
1.66951 0.759195 0.759195 2 2 0
1.66868 0.759752 0.759752 2 2 0
1.66785 0.760308 0.760308 2 2 0
1.66701 0.760863 0.760863 2 2 0
1.66618 0.761417 0.761417 2 2 0
1.66535 0.76197 0.76197 2 2 0
1.66451 0.762521 0.762521 2 2 0
1.66368 0.763072 0.763072 2 2 0
1.66284 0.763622 0.763622 2 2 0
1.66201 0.76417 0.76417 2 2 0
1.66117 0.764718 0.764718 2 2 0
1.66033 0.765264 0.765264 2 2 0
1.65949 0.765809 0.765809 2 2 0
1.65866 0.766354 0.766354 2 2 0
1.65782 0.766897 0.766897 2 2 0
1.65698 0.767439 0.767439 2 2 0
1.65614 0.76798 0.76798 2 2 0
1.65529 0.76852 0.76852 2 2 0
1.65445 0.769059 0.769059 2 2 0
1.65361 0.769597 0.769597 2 2 0
1.65276 0.770134 0.770134 2 2 0
1.65192 0.77067 0.77067 2 2 0
1.65108 0.771205 0.771205 2 2 0
1.65023 0.771739 0.771739 2 2 0
1.64938 0.772272 0.772272 2 2 0
1.64854 0.772803 0.772803 2 2 0
1.64769 0.773334 0.773334 2 2 0
1.64684 0.773864 0.773864 2 2 0
1.64599 0.774393 0.774393 2 2 0
1.64514 0.77492 0.77492 2 2 0
1.64429 0.775447 0.775447 2 2 0
1.64344 0.775973 0.775973 2 2 0
1.64259 0.776498 0.776498 2 2 0
1.64174 0.777021 0.777021 2 2 0
1.64089 0.777544 0.777544 2 2 0
1.64003 0.778066 0.778066 2 2 0
1.63918 0.778587 0.778587 2 2 0
1.63833 0.779106 0.779106 2 2 0
1.63747 0.779625 0.779625 2 2 0
1.63662 0.780143 0.780143 2 2 0
1.63576 0.78066 0.78066 2 2 0
1.6349 0.781175 0.781175 2 2 0
1.63405 0.78169 0.78169 2 2 0
1.63319 0.782204 0.782204 2 2 0
1.63233 0.782717 0.782717 2 2 0
1.63147 0.783229 0.783229 2 2 0
1.63061 0.78374 0.78374 2 2 0
1.62975 0.78425 0.78425 2 2 0
1.62889 0.784759 0.784759 2 2 0
1.62803 0.785267 0.785267 2 2 0
1.62717 0.785774 0.785774 2 2 0
1.6263 0.78628 0.78628 2 2 0
1.62544 0.786786 0.786786 2 2 0
1.62458 0.78729 0.78729 2 2 0
1.62371 0.787793 0.787793 2 2 0
1.62285 0.788296 0.788296 2 2 0
1.62198 0.788797 0.788797 2 2 0
1.62112 0.789298 0.789298 2 2 0
1.62025 0.789797 0.789797 2 2 0
1.61938 0.790296 0.790296 2 2 0
1.61852 0.790794 0.790794 2 2 0
1.61765 0.791291 0.791291 2 2 0
1.61678 0.791786 0.791786 2 2 0
1.61591 0.792281 0.792281 2 2 0
1.61504 0.792776 0.792776 2 2 0
1.61417 0.793269 0.793269 2 2 0
1.6133 0.793761 0.793761 2 2 0
1.61243 0.794252 0.794252 2 2 0
1.61156 0.794743 0.794743 2 2 0
1.61069 0.795232 0.795232 2 2 0
1.60982 0.795721 0.795721 2 2 0
1.60894 0.796208 0.796208 2 2 0
1.60807 0.796695 0.796695 2 2 0
1.60719 0.797181 0.797181 2 2 0
1.60632 0.797666 0.797666 2 2 0
1.60544 0.79815 0.79815 2 2 0
1.60457 0.798633 0.798633 2 2 0
1.60369 0.799116 0.799116 2 2 0
1.60282 0.799597 0.799597 2 2 0
1.60194 0.800078 0.800078 2 2 0
1.60106 0.800557 0.800557 2 2 0
1.60018 0.801036 0.801036 2 2 0
1.59931 0.801514 0.801514 2 2 0
1.59843 0.801991 0.801991 2 2 0
1.59755 0.802467 0.802467 2 2 0
1.59667 0.802943 0.802943 2 2 0
1.59579 0.803417 0.803417 2 2 0
1.59491 0.803891 0.803891 2 2 0
1.59403 0.804363 0.804363 2 2 0
1.59314 0.804835 0.804835 2 2 0
1.59226 0.805306 0.805306 2 2 0
1.59138 0.805776 0.805776 2 2 0
1.5905 0.806246 0.806246 2 2 0
1.58961 0.806714 0.806714 2 2 0
1.58873 0.807182 0.807182 2 2 0
1.58784 0.807648 0.807648 2 2 0
1.58696 0.808114 0.808114 2 2 0
1.58607 0.808579 0.808579 2 2 0
1.58519 0.809044 0.809044 2 2 0
1.5843 0.809507 0.809507 2 2 0
1.58342 0.80997 0.80997 2 2 0
1.58253 0.810431 0.810431 2 2 0
1.58164 0.810892 0.810892 2 2 0
1.58075 0.811352 0.811352 2 2 0
1.57987 0.811811 0.811811 2 2 0
1.57898 0.81227 0.81227 2 2 0
1.57809 0.812727 0.812727 2 2 0
1.5772 0.813184 0.813184 2 2 0
1.57631 0.81364 0.81364 2 2 0
1.57542 0.814095 0.814095 2 2 0
1.57453 0.81455 0.81455 2 2 0
1.57364 0.815003 0.815003 2 2 0
1.57274 0.815456 0.815456 2 2 0
1.57185 0.815908 0.815908 2 2 0
1.57096 0.816359 0.816359 2 2 0
1.57007 0.816809 0.816809 2 2 0
1.56917 0.817258 0.817258 2 2 0
1.56828 0.817707 0.817707 2 2 0
1.56739 0.818155 0.818155 2 2 0
1.56649 0.818602 0.818602 2 2 0
1.5656 0.819048 0.819048 2 2 0
1.5647 0.819494 0.819494 2 2 0
1.5638 0.819938 0.819938 2 2 0
1.56291 0.820382 0.820382 2 2 0
1.56201 0.820825 0.820825 2 2 0
1.56112 0.821268 0.821268 2 2 0
1.56022 0.821709 0.821709 2 2 0
1.55932 0.82215 0.82215 2 2 0
1.55842 0.82259 0.82259 2 2 0
1.55752 0.823029 0.823029 2 2 0
1.55663 0.823467 0.823467 2 2 0
1.55573 0.823905 0.823905 2 2 0
1.55483 0.824342 0.824342 2 2 0
1.55393 0.824778 0.824778 2 2 0
1.55303 0.825213 0.825213 2 2 0
1.55213 0.825648 0.825648 2 2 0
1.55122 0.826082 0.826082 2 2 0
1.55032 0.826515 0.826515 2 2 0
1.54942 0.826947 0.826947 2 2 0
1.54852 0.827378 0.827378 2 2 0
1.54762 0.827809 0.827809 2 2 0
1.54671 0.828239 0.828239 2 2 0
1.54581 0.828668 0.828668 2 2 0
1.54491 0.829097 0.829097 2 2 0
1.544 0.829525 0.829525 2 2 0
1.5431 0.829951 0.829951 2 2 0
1.54219 0.830378 0.830378 2 2 0
1.54129 0.830803 0.830803 2 2 0
1.54038 0.831228 0.831228 2 2 0
1.53948 0.831652 0.831652 2 2 0
1.53857 0.832075 0.832075 2 2 0
1.53767 0.832498 0.832498 2 2 0
1.53676 0.83292 0.83292 2 2 0
1.53585 0.833341 0.833341 2 2 0
1.53495 0.833761 0.833761 2 2 0
1.53404 0.83418 0.83418 2 2 0
1.53313 0.834599 0.834599 2 2 0
1.53222 0.835017 0.835017 2 2 0
1.53131 0.835435 0.835435 2 2 0
1.5304 0.835852 0.835852 2 2 0
1.52949 0.836267 0.836267 2 2 0
1.52858 0.836683 0.836683 2 2 0
1.52767 0.837097 0.837097 2 2 0
1.52676 0.837511 0.837511 2 2 0
1.52585 0.837924 0.837924 2 2 0
1.52494 0.838336 0.838336 2 2 0
1.52403 0.838748 0.838748 2 2 0
1.52312 0.839159 0.839159 2 2 0
1.52221 0.839569 0.839569 2 2 0
1.52129 0.839979 0.839979 2 2 0
1.52038 0.840388 0.840388 2 2 0
1.51947 0.840796 0.840796 2 2 0
1.51856 0.841203 0.841203 2 2 0
1.51764 0.84161 0.84161 2 2 0
1.51673 0.842016 0.842016 2 2 0
1.51581 0.842421 0.842421 2 2 0
1.5149 0.842826 0.842826 2 2 0
1.51398 0.84323 0.84323 2 2 0
1.51307 0.843633 0.843633 2 2 0
1.51215 0.844035 0.844035 2 2 0
1.51124 0.844437 0.844437 2 2 0
1.51032 0.844838 0.844838 2 2 0
1.50941 0.845239 0.845239 2 2 0
1.50849 0.845638 0.845638 2 2 0
1.50757 0.846038 0.846038 2 2 0
1.50666 0.846436 0.846436 2 2 0
1.50574 0.846834 0.846834 2 2 0
1.50482 0.847231 0.847231 2 2 0
1.5039 0.847627 0.847627 2 2 0
1.50298 0.848023 0.848023 2 2 0
1.50207 0.848418 0.848418 2 2 0
1.50115 0.848812 0.848812 2 2 0
1.50023 0.849206 0.849206 2 2 0
1.49931 0.849599 0.849599 2 2 0
1.49839 0.849991 0.849991 2 2 0
1.49747 0.850383 0.850383 2 2 0
1.49655 0.850773 0.850773 2 2 0
1.49563 0.851164 0.851164 2 2 0
1.49471 0.851553 0.851553 2 2 0
1.49378 0.851942 0.851942 2 2 0
1.49286 0.852331 0.852331 2 2 0
1.49194 0.852718 0.852718 2 2 0
1.49102 0.853105 0.853105 2 2 0
1.4901 0.853492 0.853492 2 2 0
1.48917 0.853877 0.853877 2 2 0
1.48825 0.854262 0.854262 2 2 0
1.48733 0.854647 0.854647 2 2 0
1.4864 0.85503 0.85503 2 2 0
1.48548 0.855413 0.855413 2 2 0
1.48456 0.855796 0.855796 2 2 0
1.48363 0.856178 0.856178 2 2 0
1.48271 0.856559 0.856559 2 2 0
1.48178 0.856939 0.856939 2 2 0
1.48086 0.857319 0.857319 2 2 0
1.47993 0.857698 0.857698 2 2 0
1.47901 0.858077 0.858077 2 2 0
1.47808 0.858455 0.858455 2 2 0
1.47715 0.858832 0.858832 2 2 0
1.47623 0.859209 0.859209 2 2 0
1.4753 0.859585 0.859585 2 2 0
1.47437 0.85996 0.85996 2 2 0
1.47345 0.860335 0.860335 2 2 0
1.47252 0.860709 0.860709 2 2 0
1.47159 0.861082 0.861082 2 2 0
1.47066 0.861455 0.861455 2 2 0
1.46974 0.861827 0.861827 2 2 0
1.46881 0.862199 0.862199 2 2 0
1.46788 0.86257 0.86257 2 2 0
1.46695 0.86294 0.86294 2 2 0
1.46602 0.86331 0.86331 2 2 0
1.46509 0.863679 0.863679 2 2 0
1.46416 0.864047 0.864047 2 2 0
1.46323 0.864415 0.864415 2 2 0
1.4623 0.864782 0.864782 2 2 0
1.46137 0.865149 0.865149 2 2 0
1.46044 0.865515 0.865515 2 2 0
1.45951 0.86588 0.86588 2 2 0
1.45858 0.866245 0.866245 2 2 0
1.45765 0.866609 0.866609 2 2 0
1.45672 0.866973 0.866973 2 2 0
1.45578 0.867336 0.867336 2 2 0
1.45485 0.867698 0.867698 2 2 0
1.45392 0.86806 0.86806 2 2 0
1.45299 0.868421 0.868421 2 2 0
1.45206 0.868782 0.868782 2 2 0
1.45112 0.869141 0.869141 2 2 0
1.45019 0.869501 0.869501 2 2 0
1.44926 0.86986 0.86986 2 2 0
1.44832 0.870218 0.870218 2 2 0
1.44739 0.870575 0.870575 2 2 0
1.44645 0.870932 0.870932 2 2 0
1.44552 0.871288 0.871288 2 2 0
1.44458 0.871644 0.871644 2 2 0
1.44365 0.871999 0.871999 2 2 0
1.44272 0.872354 0.872354 2 2 0
1.44178 0.872708 0.872708 2 2 0
1.44084 0.873061 0.873061 2 2 0
1.43991 0.873414 0.873414 2 2 0
1.43897 0.873766 0.873766 2 2 0
1.43804 0.874118 0.874118 2 2 0
1.4371 0.874469 0.874469 2 2 0
1.43616 0.874819 0.874819 2 2 0
1.43523 0.875169 0.875169 2 2 0
1.43429 0.875518 0.875518 2 2 0
1.43335 0.875867 0.875867 2 2 0
1.43242 0.876215 0.876215 2 2 0
1.43148 0.876562 0.876562 2 2 0
1.43054 0.876909 0.876909 2 2 0
1.4296 0.877256 0.877256 2 2 0
1.42866 0.877602 0.877602 2 2 0
1.42772 0.877947 0.877947 2 2 0
1.42679 0.878291 0.878291 2 2 0
1.42585 0.878636 0.878636 2 2 0
1.42491 0.878979 0.878979 2 2 0
1.42397 0.879322 0.879322 2 2 0
1.42303 0.879664 0.879664 2 2 0
1.42209 0.880006 0.880006 2 2 0
1.42115 0.880347 0.880347 2 2 0
1.42021 0.880688 0.880688 2 2 0
1.41927 0.881028 0.881028 2 2 0
1.41833 0.881368 0.881368 2 2 0
1.41739 0.881707 0.881707 2 2 0
1.41645 0.882045 0.882045 2 2 0
1.4155 0.882383 0.882383 2 2 0
1.41456 0.88272 0.88272 2 2 0
1.41362 0.883057 0.883057 2 2 0
1.41268 0.883393 0.883393 2 2 0
1.41174 0.883729 0.883729 2 2 0
1.4108 0.884064 0.884064 2 2 0
1.40985 0.884398 0.884398 2 2 0
1.40891 0.884732 0.884732 2 2 0
1.40797 0.885066 0.885066 2 2 0
1.40703 0.885399 0.885399 2 2 0
1.40608 0.885731 0.885731 2 2 0
1.40514 0.886063 0.886063 2 2 0
1.4042 0.886394 0.886394 2 2 0
1.40325 0.886725 0.886725 2 2 0
1.40231 0.887055 0.887055 2 2 0
1.40136 0.887384 0.887384 2 2 0
1.40042 0.887713 0.887713 2 2 0
1.39947 0.888042 0.888042 2 2 0
1.39853 0.88837 0.88837 2 2 0
1.39758 0.888697 0.888697 2 2 0
1.39664 0.889024 0.889024 2 2 0
1.39569 0.88935 0.88935 2 2 0
1.39475 0.889676 0.889676 2 2 0
1.3938 0.890001 0.890001 2 2 0
1.39286 0.890326 0.890326 2 2 0
1.39191 0.89065 0.89065 2 2 0
1.39097 0.890974 0.890974 2 2 0
1.39002 0.891297 0.891297 2 2 0
1.38907 0.89162 0.89162 2 2 0
1.38813 0.891942 0.891942 2 2 0
1.38718 0.892263 0.892263 2 2 0
1.38623 0.892584 0.892584 2 2 0
1.38528 0.892905 0.892905 2 2 0
1.38434 0.893225 0.893225 2 2 0
1.38339 0.893544 0.893544 2 2 0
1.38244 0.893863 0.893863 2 2 0
1.38149 0.894182 0.894182 2 2 0
1.38055 0.894499 0.894499 2 2 0
1.3796 0.894817 0.894817 2 2 0
1.37865 0.895134 0.895134 2 2 0
1.3777 0.89545 0.89545 2 2 0
1.37675 0.895766 0.895766 2 2 0
1.3758 0.896081 0.896081 2 2 0
1.37485 0.896396 0.896396 2 2 0
1.3739 0.89671 0.89671 2 2 0
1.37295 0.897024 0.897024 2 2 0
1.372 0.897337 0.897337 2 2 0
1.37105 0.897649 0.897649 2 2 0
1.3701 0.897962 0.897962 2 2 0
1.36915 0.898273 0.898273 2 2 0
1.3682 0.898584 0.898584 2 2 0
1.36725 0.898895 0.898895 2 2 0
1.3663 0.899205 0.899205 2 2 0
1.36535 0.899515 0.899515 2 2 0
1.3644 0.899824 0.899824 2 2 0
1.36345 0.900133 0.900133 2 2 0
1.3625 0.900441 0.900441 2 2 0
1.36155 0.900748 0.900748 2 2 0
1.3606 0.901055 0.901055 2 2 0
1.35964 0.901362 0.901362 2 2 0
1.35869 0.901668 0.901668 2 2 0
1.35774 0.901974 0.901974 2 2 0
1.35679 0.902279 0.902279 2 2 0
1.35583 0.902583 0.902583 2 2 0
1.35488 0.902887 0.902887 2 2 0
1.35393 0.903191 0.903191 2 2 0
1.35298 0.903494 0.903494 2 2 0
1.35202 0.903797 0.903797 2 2 0
1.35107 0.904099 0.904099 2 2 0
1.35012 0.9044 0.9044 2 2 0
1.34916 0.904702 0.904702 2 2 0
1.34821 0.905002 0.905002 2 2 0
1.34726 0.905302 0.905302 2 2 0
1.3463 0.905602 0.905602 2 2 0
1.34535 0.905901 0.905901 2 2 0
1.34439 0.9062 0.9062 2 2 0
1.34344 0.906498 0.906498 2 2 0
1.34248 0.906796 0.906796 2 2 0
1.34153 0.907093 0.907093 2 2 0
1.34057 0.90739 0.90739 2 2 0
1.33962 0.907686 0.907686 2 2 0
1.33866 0.907982 0.907982 2 2 0
1.33771 0.908277 0.908277 2 2 0
1.33675 0.908572 0.908572 2 2 0
1.3358 0.908866 0.908866 2 2 0
1.33484 0.90916 0.90916 2 2 0
1.33388 0.909453 0.909453 2 2 0
1.33293 0.909746 0.909746 2 2 0
1.33197 0.910039 0.910039 2 2 0
1.33102 0.910331 0.910331 2 2 0
1.33006 0.910622 0.910622 2 2 0
1.3291 0.910913 0.910913 2 2 0
1.32815 0.911204 0.911204 2 2 0
1.32719 0.911494 0.911494 2 2 0
1.32623 0.911783 0.911783 2 2 0
1.32527 0.912072 0.912072 2 2 0
1.32432 0.912361 0.912361 2 2 0
1.32336 0.912649 0.912649 2 2 0
1.3224 0.912937 0.912937 2 2 0
1.32144 0.913224 0.913224 2 2 0
1.32049 0.913511 0.913511 2 2 0
1.31953 0.913797 0.913797 2 2 0
1.31857 0.914083 0.914083 2 2 0
1.31761 0.914368 0.914368 2 2 0
1.31665 0.914653 0.914653 2 2 0
1.31569 0.914938 0.914938 2 2 0
1.31473 0.915221 0.915221 2 2 0
1.31378 0.915505 0.915505 2 2 0
1.31282 0.915788 0.915788 2 2 0
1.31186 0.916071 0.916071 2 2 0
1.3109 0.916353 0.916353 2 2 0
1.30994 0.916634 0.916634 2 2 0
1.30898 0.916916 0.916916 2 2 0
1.30802 0.917196 0.917196 2 2 0
1.30706 0.917477 0.917477 2 2 0
1.3061 0.917757 0.917757 2 2 0
1.30514 0.918036 0.918036 2 2 0
1.30418 0.918315 0.918315 2 2 0
1.30322 0.918593 0.918593 2 2 0
1.30226 0.918871 0.918871 2 2 0
1.3013 0.919149 0.919149 2 2 0
1.30034 0.919426 0.919426 2 2 0
1.29938 0.919703 0.919703 2 2 0
1.29841 0.919979 0.919979 2 2 0
1.29745 0.920255 0.920255 2 2 0
1.29649 0.92053 0.92053 2 2 0
1.29553 0.920805 0.920805 2 2 0
1.29457 0.92108 0.92108 2 2 0
1.29361 0.921354 0.921354 2 2 0
1.29264 0.921627 0.921627 2 2 0
1.29168 0.9219 0.9219 2 2 0
1.29072 0.922173 0.922173 2 2 0
1.28976 0.922445 0.922445 2 2 0
1.2888 0.922717 0.922717 2 2 0
1.28783 0.922988 0.922988 2 2 0
1.28687 0.923259 0.923259 2 2 0
1.28591 0.92353 0.92353 2 2 0
1.28495 0.9238 0.9238 2 2 0
1.28398 0.924069 0.924069 2 2 0
1.28302 0.924339 0.924339 2 2 0
1.28206 0.924607 0.924607 2 2 0
1.28109 0.924876 0.924876 2 2 0
1.28013 0.925144 0.925144 2 2 0
1.27917 0.925411 0.925411 2 2 0
1.2782 0.925678 0.925678 2 2 0
1.27724 0.925945 0.925945 2 2 0
1.27627 0.926211 0.926211 2 2 0
1.27531 0.926477 0.926477 2 2 0
1.27435 0.926742 0.926742 2 2 0
1.27338 0.927007 0.927007 2 2 0
1.27242 0.927271 0.927271 2 2 0
1.27145 0.927535 0.927535 2 2 0
1.27049 0.927799 0.927799 2 2 0
1.26952 0.928062 0.928062 2 2 0
1.26856 0.928325 0.928325 2 2 0
1.26759 0.928587 0.928587 2 2 0
1.26663 0.928849 0.928849 2 2 0
1.26566 0.92911 0.92911 2 2 0
1.2647 0.929371 0.929371 2 2 0
1.26373 0.929632 0.929632 2 2 0
1.26277 0.929892 0.929892 2 2 0
1.2618 0.930152 0.930152 2 2 0
1.26084 0.930412 0.930412 2 2 0
1.25987 0.930671 0.930671 2 2 0
1.2589 0.930929 0.930929 2 2 0
1.25794 0.931187 0.931187 2 2 0
1.25697 0.931445 0.931445 2 2 0
1.25601 0.931702 0.931702 2 2 0
1.25504 0.931959 0.931959 2 2 0
1.25407 0.932216 0.932216 2 2 0
1.25311 0.932472 0.932472 2 2 0
1.25214 0.932727 0.932727 2 2 0
1.25117 0.932983 0.932983 2 2 0
1.25021 0.933238 0.933238 2 2 0
1.24924 0.933492 0.933492 2 2 0
1.24827 0.933746 0.933746 2 2 0
1.2473 0.934 0.934 2 2 0
1.24634 0.934253 0.934253 2 2 0
1.24537 0.934506 0.934506 2 2 0
1.2444 0.934758 0.934758 2 2 0
1.24343 0.93501 0.93501 2 2 0
1.24247 0.935262 0.935262 2 2 0
1.2415 0.935513 0.935513 2 2 0
1.24053 0.935764 0.935764 2 2 0
1.23956 0.936014 0.936014 2 2 0
1.23859 0.936264 0.936264 2 2 0
1.23762 0.936514 0.936514 2 2 0
1.23666 0.936763 0.936763 2 2 0
1.23569 0.937012 0.937012 2 2 0
1.23472 0.93726 0.93726 2 2 0
1.23375 0.937509 0.937509 2 2 0
1.23278 0.937756 0.937756 2 2 0
1.23181 0.938003 0.938003 2 2 0
1.23084 0.93825 0.93825 2 2 0
1.22987 0.938497 0.938497 2 2 0
1.22891 0.938743 0.938743 2 2 0
1.22794 0.938989 0.938989 2 2 0
1.22697 0.939234 0.939234 2 2 0
1.226 0.939479 0.939479 2 2 0
1.22503 0.939723 0.939723 2 2 0
1.22406 0.939968 0.939968 2 2 0
1.22309 0.940211 0.940211 2 2 0
1.22212 0.940455 0.940455 2 2 0
1.22115 0.940698 0.940698 2 2 0
1.22018 0.94094 0.94094 2 2 0
1.21921 0.941183 0.941183 2 2 0
1.21824 0.941425 0.941425 2 2 0
1.21727 0.941666 0.941666 2 2 0
1.2163 0.941907 0.941907 2 2 0
1.21533 0.942148 0.942148 2 2 0
1.21435 0.942388 0.942388 2 2 0
1.21338 0.942628 0.942628 2 2 0
1.21241 0.942868 0.942868 2 2 0
1.21144 0.943107 0.943107 2 2 0
1.21047 0.943346 0.943346 2 2 0
1.2095 0.943584 0.943584 2 2 0
1.20853 0.943823 0.943823 2 2 0
1.20756 0.94406 0.94406 2 2 0
1.20659 0.944298 0.944298 2 2 0
1.20561 0.944535 0.944535 2 2 0
1.20464 0.944771 0.944771 2 2 0
1.20367 0.945008 0.945008 2 2 0
1.2027 0.945244 0.945244 2 2 0
1.20173 0.945479 0.945479 2 2 0
1.20076 0.945714 0.945714 2 2 0
1.19978 0.945949 0.945949 2 2 0
1.19881 0.946184 0.946184 2 2 0
1.19784 0.946418 0.946418 2 2 0
1.19687 0.946651 0.946651 2 2 0
1.19589 0.946885 0.946885 2 2 0
1.19492 0.947118 0.947118 2 2 0
1.19395 0.947351 0.947351 2 2 0
1.19298 0.947583 0.947583 2 2 0
1.192 0.947815 0.947815 2 2 0
1.19103 0.948046 0.948046 2 2 0
1.19006 0.948278 0.948278 2 2 0
1.18909 0.948509 0.948509 2 2 0
1.18811 0.948739 0.948739 2 2 0
1.18714 0.948969 0.948969 2 2 0
1.18617 0.949199 0.949199 2 2 0
1.18519 0.949429 0.949429 2 2 0
1.18422 0.949658 0.949658 2 2 0
1.18325 0.949887 0.949887 2 2 0
1.18227 0.950115 0.950115 2 2 0
1.1813 0.950343 0.950343 2 2 0
1.18033 0.950571 0.950571 2 2 0
1.17935 0.950799 0.950799 2 2 0
1.17838 0.951026 0.951026 2 2 0
1.1774 0.951253 0.951253 2 2 0
1.17643 0.951479 0.951479 2 2 0
1.17546 0.951705 0.951705 2 2 0
1.17448 0.951931 0.951931 2 2 0
1.17351 0.952156 0.952156 2 2 0
1.17253 0.952382 0.952382 2 2 0
1.17156 0.952606 0.952606 2 2 0
1.17058 0.952831 0.952831 2 2 0
1.16961 0.953055 0.953055 2 2 0
1.16863 0.953279 0.953279 2 2 0
1.16766 0.953502 0.953502 2 2 0
1.16668 0.953725 0.953725 2 2 0
1.16571 0.953948 0.953948 2 2 0
1.16474 0.954171 0.954171 2 2 0
1.16376 0.954393 0.954393 2 2 0
1.16279 0.954615 0.954615 2 2 0
1.16181 0.954836 0.954836 2 2 0
1.16083 0.955058 0.955058 2 2 0
1.15986 0.955279 0.955279 2 2 0
1.15888 0.955499 0.955499 2 2 0
1.15791 0.955719 0.955719 2 2 0
1.15693 0.955939 0.955939 2 2 0
1.15596 0.956159 0.956159 2 2 0
1.15498 0.956379 0.956379 2 2 0
1.15401 0.956598 0.956598 2 2 0
1.15303 0.956816 0.956816 2 2 0
1.15205 0.957035 0.957035 2 2 0
1.15108 0.957253 0.957253 2 2 0
1.1501 0.957471 0.957471 2 2 0
1.14913 0.957688 0.957688 2 2 0
1.14815 0.957906 0.957906 2 2 0
1.14717 0.958123 0.958123 2 2 0
1.1462 0.958339 0.958339 2 2 0
1.14522 0.958556 0.958556 2 2 0
1.14425 0.958772 0.958772 2 2 0
1.14327 0.958988 0.958988 2 2 0
1.14229 0.959203 0.959203 2 2 0
1.14132 0.959419 0.959419 2 2 0
1.14034 0.959634 0.959634 2 2 0
1.13936 0.959848 0.959848 2 2 0
1.13839 0.960063 0.960063 2 2 0
1.13741 0.960277 0.960277 2 2 0
1.13643 0.960491 0.960491 2 2 0
1.13546 0.960704 0.960704 2 2 0
1.13448 0.960918 0.960918 2 2 0
1.1335 0.961131 0.961131 2 2 0
1.13252 0.961343 0.961343 2 2 0
1.13155 0.961556 0.961556 2 2 0
1.13057 0.961768 0.961768 2 2 0
1.12959 0.96198 0.96198 2 2 0
1.12862 0.962192 0.962192 2 2 0
1.12764 0.962403 0.962403 2 2 0
1.12666 0.962615 0.962615 2 2 0
1.12568 0.962826 0.962826 2 2 0
1.12471 0.963036 0.963036 2 2 0
1.12373 0.963247 0.963247 2 2 0
1.12275 0.963457 0.963457 2 2 0
1.12177 0.963667 0.963667 2 2 0
1.12079 0.963877 0.963877 2 2 0
1.11982 0.964086 0.964086 2 2 0
1.11884 0.964296 0.964296 2 2 0
1.11786 0.964505 0.964505 2 2 0
1.11688 0.964713 0.964713 2 2 0
1.11591 0.964922 0.964922 2 2 0
1.11493 0.96513 0.96513 2 2 0
1.11395 0.965339 0.965339 2 2 0
1.11297 0.965547 0.965547 2 2 0
1.11199 0.965754 0.965754 2 2 0
1.11101 0.965962 0.965962 2 2 0
1.11004 0.966169 0.966169 2 2 0
1.10906 0.966376 0.966376 2 2 0
1.10808 0.966583 0.966583 2 2 0
1.1071 0.96679 0.96679 2 2 0
1.10612 0.966996 0.966996 2 2 0
1.10514 0.967203 0.967203 2 2 0
1.10417 0.967409 0.967409 2 2 0
1.10319 0.967615 0.967615 2 2 0
1.10221 0.967821 0.967821 2 2 0
1.10123 0.968026 0.968026 2 2 0
1.10025 0.968232 0.968232 2 2 0
1.09927 0.968437 0.968437 2 2 0
1.09829 0.968642 0.968642 2 2 0
1.09732 0.968847 0.968847 2 2 0
1.09634 0.969052 0.969052 2 2 0
1.09536 0.969257 0.969257 2 2 0
1.09438 0.969461 0.969461 2 2 0
1.0934 0.969665 0.969665 2 2 0
1.09242 0.96987 0.96987 2 2 0
1.09144 0.970074 0.970074 2 2 0
1.09046 0.970278 0.970278 2 2 0
1.08948 0.970482 0.970482 2 2 0
1.0885 0.970685 0.970685 2 2 0
1.08753 0.970889 0.970889 2 2 0
1.08655 0.971093 0.971093 2 2 0
1.08557 0.971296 0.971296 2 2 0
1.08459 0.971499 0.971499 2 2 0
1.08361 0.971703 0.971703 2 2 0
1.08263 0.971906 0.971906 2 2 0
1.08165 0.972109 0.972109 2 2 0
1.08067 0.972312 0.972312 2 2 0
1.07969 0.972515 0.972515 2 2 0
1.07871 0.972718 0.972718 2 2 0
1.07773 0.972921 0.972921 2 2 0
1.07676 0.973124 0.973124 2 2 0
1.07578 0.973327 0.973327 2 2 0
1.0748 0.97353 0.97353 2 2 0
1.07382 0.973733 0.973733 2 2 0
1.07284 0.973935 0.973935 2 2 0
1.07186 0.974138 0.974138 2 2 0
1.07088 0.974341 0.974341 2 2 0
1.0699 0.974544 0.974544 2 2 0
1.06892 0.974747 0.974747 2 2 0
1.06794 0.97495 0.97495 2 2 0
1.06696 0.975153 0.975153 2 2 0
1.06598 0.975356 0.975356 2 2 0
1.065 0.97556 0.97556 2 2 0
1.06403 0.975763 0.975763 2 2 0
1.06305 0.975966 0.975966 2 2 0
1.06207 0.97617 0.97617 2 2 0
1.06109 0.976374 0.976374 2 2 0
1.06011 0.976578 0.976578 2 2 0
1.05913 0.976782 0.976782 2 2 0
1.05815 0.976986 0.976986 2 2 0
1.05717 0.97719 0.97719 2 2 0
1.05619 0.977395 0.977395 2 2 0
1.05522 0.9776 0.9776 2 2 0
1.05424 0.977805 0.977805 2 2 0
1.05326 0.978011 0.978011 2 2 0
1.05228 0.978217 0.978217 2 2 0
1.0513 0.978423 0.978423 2 2 0
1.05032 0.978629 0.978629 2 2 0
1.04934 0.978836 0.978836 2 2 0
1.04837 0.979043 0.979043 2 2 0
1.04739 0.979251 0.979251 2 2 0
1.04641 0.979459 0.979459 2 2 0
1.04543 0.979668 0.979668 2 2 0
1.04445 0.979877 0.979877 2 2 0
1.04348 0.980087 0.980087 2 2 0
1.0425 0.980297 0.980297 2 2 0
1.04152 0.980508 0.980508 2 2 0
1.04054 0.98072 0.98072 2 2 0
1.03957 0.980932 0.980932 2 2 0
1.03859 0.981145 0.981145 2 2 0
1.03761 0.981359 0.981359 2 2 0
1.03664 0.981574 0.981574 2 2 0
1.03566 0.98179 0.98179 2 2 0
1.03468 0.982006 0.982006 2 2 0
1.03371 0.982224 0.982224 2 2 0
1.03273 0.982443 0.982443 2 2 0
1.03176 0.982663 0.982663 2 2 0
1.03078 0.982885 0.982885 2 2 0
1.02981 0.983108 0.983108 2 2 0
1.02883 0.983332 0.983332 2 2 0
1.02786 0.983558 0.983558 2 2 0
1.02688 0.983785 0.983785 2 2 0
1.02591 0.984015 0.984015 2 2 0
1.02494 0.984246 0.984246 2 2 0
1.02396 0.98448 0.98448 2 2 0
1.02299 0.984716 0.984716 2 2 0
1.02202 0.984954 0.984954 2 2 0
1.02105 0.985195 0.985195 2 2 0
1.02008 0.985439 0.985439 2 2 0
1.01911 0.985686 0.985686 2 2 0
1.01814 0.985937 0.985937 2 2 0
1.01718 0.986192 0.986192 2 2 0
1.01621 0.986451 0.986451 2 2 0
1.01525 0.986715 0.986715 2 2 0
1.01428 0.986984 0.986984 2 2 0
1.01332 0.987259 0.987259 2 2 0
1.01236 0.98754 0.98754 2 2 0
1.01141 0.987829 0.987829 2 2 0
1.01045 0.988127 0.988127 2 2 0
1.0095 0.988435 0.988435 2 2 0
1.00855 0.988755 0.988755 2 2 0
1.00761 0.989088 0.989088 2 2 0
1.00667 0.989438 0.989438 2 2 0
1.00574 0.989809 0.989809 2 2 0
1.00482 0.990205 0.990205 2 2 0
1.00392 0.990634 0.990634 2 2 0
1.00304 0.991107 0.991107 2 2 0
1.00219 0.991641 0.991641 2 2 0
1.0014 0.992262 0.992262 2 2 0
1.0007 0.992997 0.992997 2 2 0
1.00002 0.993727 0.993727 2 2 0
1.00002 0.993727 0.993727 2 2 0
