2.0 0.5 0.5 2 1 0
1.996651 0.5 0.5 2 1 0
1.993302 0.5 0.5 2 1 0
1.989953 0.5 0.5 2 1 0
1.9866039 0.5 0.5 2 1 0
1.9832549 0.5 0.5 2 1 0
1.9799059 0.5 0.5 2 1 0
1.9765569 0.5 0.5 2 1 0
1.9732079 0.5 0.5 2 1 0
1.9698589 0.5 0.5 2 1 0
1.9665099 0.5 0.5 2 1 0
1.9631609 0.5 0.5 2 1 0
1.9598118 0.5 0.5 2 1 0
1.9564628 0.5 0.5 2 1 0
1.9531138 0.5 0.5 2 1 0
1.9497648 0.5 0.5 2 1 0
1.9464158 0.5 0.5 2 1 0
1.9430668 0.5 0.5 2 1 0
1.9397178 0.5 0.5 2 1 0
1.9363688 0.5 0.5 2 1 0
1.9330197 0.5 0.5 2 1 0
1.9296707 0.5 0.5 2 1 0
1.9263217 0.5 0.5 2 1 0
1.9229727 0.5 0.5 2 1 0
1.9196237 0.5 0.5 2 1 0
1.9162747 0.5 0.5 2 1 0
1.9129257 0.5 0.5 2 1 0
1.9095766 0.5 0.5 2 1 0
1.9062276 0.5 0.5 2 1 0
1.9028786 0.5 0.5 2 1 0
1.8995296 0.5 0.5 2 1 0
1.8961806 0.5 0.5 2 1 0
1.8928316 0.5 0.5 2 1 0
1.8894826 0.5 0.5 2 1 0
1.8861336 0.5 0.5 2 1 0
1.8827845 0.5 0.5 2 1 0
1.8794355 0.5 0.5 2 1 0
1.8760865 0.5 0.5 2 1 0
1.8727375 0.5 0.5 2 1 0
1.8693885 0.5 0.5 2 1 0
1.8660395 0.5 0.5 2 1 0
1.8626905 0.5 0.5 2 1 0
1.8593415 0.5 0.5 2 1 0
1.8559924 0.5 0.5 2 1 0
1.8526434 0.5 0.5 2 1 0
1.8492944 0.5 0.5 2 1 0
1.8459454 0.5 0.5 2 1 0
1.8425964 0.5 0.5 2 1 0
1.8392474 0.5 0.5 2 1 0
1.8358984 0.5 0.5 2 1 0
1.8325493 0.5 0.5 2 1 0
1.8292003 0.5 0.5 2 1 0
1.8258513 0.5 0.5 2 1 0
1.8225023 0.5 0.5 2 1 0
1.8191533 0.5 0.5 2 1 0
1.8158043 0.5 0.5 2 1 0
1.8124553 0.5 0.5 2 1 0
1.8091063 0.5 0.5 2 1 0
1.8057572 0.5 0.5 2 1 0
1.8024082 0.5 0.5 2 1 0
1.7990592 0.5 0.5 2 1 0
1.7957102 0.5 0.5 2 1 0
1.7923612 0.5 0.5 2 1 0
1.7890122 0.5 0.5 2 1 0
1.7856632 0.5 0.5 2 1 0
1.7823142 0.5 0.5 2 1 0
1.7789651 0.5 0.5 2 1 0
1.7756161 0.5 0.5 2 1 0
1.7722671 0.5 0.5 2 1 0
1.7689181 0.5 0.5 2 1 0
1.7655691 0.5 0.5 2 1 0
1.7622201 0.5 0.5 2 1 0
1.7588711 0.5 0.5 2 1 0
1.755522 0.5 0.5 2 1 0
1.752173 0.5 0.5 2 1 0
1.748824 0.5 0.5 2 1 0
1.745475 0.5 0.5 2 1 0
1.742126 0.5 0.5 2 1 0
1.738777 0.5 0.5 2 1 0
1.735428 0.5 0.5 2 1 0
1.732079 0.5 0.5 2 1 0
1.7287299 0.5 0.5 2 1 0
1.7253809 0.5 0.5 2 1 0
1.7220319 0.5 0.5 2 1 0
1.7186829 0.5 0.5 2 1 0
1.7153339 0.5 0.5 2 1 0
1.7119849 0.5 0.5 2 1 0
1.7086359 0.5 0.5 2 1 0
1.7052869 0.5 0.5 2 1 0
1.7019378 0.5 0.5 2 1 0
1.6985888 0.5 0.5 2 1 0
1.6952398 0.5 0.5 2 1 0
1.6918908 0.5 0.5 2 1 0
1.6885418 0.5 0.5 2 1 0
1.6851928 0.5 0.5 2 1 0
1.6818438 0.5 0.5 2 1 0
1.6784947 0.5 0.5 2 1 0
1.6751457 0.5 0.5 2 1 0
1.6717967 0.5 0.5 2 1 0
1.6684477 0.5 0.5 2 1 0
1.6650987 0.5 0.5 2 1 0
1.6617497 0.5 0.5 2 1 0
1.6584007 0.5 0.5 2 1 0
1.6550517 0.5 0.5 2 1 0
1.6517026 0.5 0.5 2 1 0
1.6483536 0.5 0.5 2 1 0
1.6450046 0.5 0.5 2 1 0
1.6416556 0.5 0.5 2 1 0
1.6383066 0.5 0.5 2 1 0
1.6349576 0.5 0.5 2 1 0
1.6316086 0.5 0.5 2 1 0
1.6282595 0.5 0.5 2 1 0
1.6249105 0.5 0.5 2 1 0
1.6215615 0.5 0.5 2 1 0
1.6182125 0.5 0.5 2 1 0
1.6148635 0.5 0.5 2 1 0
1.6115145 0.5 0.5 2 1 0
1.6081655 0.5 0.5 2 1 0
1.6048165 0.5 0.5 2 1 0
1.6014674 0.5 0.5 2 1 0
1.5981184 0.5 0.5 2 1 0
1.5947694 0.5 0.5 2 1 0
1.5914204 0.5 0.5 2 1 0
1.5880714 0.5 0.5 2 1 0
1.5847224 0.5 0.5 2 1 0
1.5813734 0.5 0.5 2 1 0
1.5780244 0.5 0.5 2 1 0
1.5746753 0.5 0.5 2 1 0
1.5713263 0.5 0.5 2 1 0
1.5679773 0.5 0.5 2 1 0
1.5646283 0.5 0.5 2 1 0
1.5612793 0.5 0.5 2 1 0
1.5579303 0.5 0.5 2 1 0
1.5545813 0.5 0.5 2 1 0
1.5512322 0.5 0.5 2 1 0
1.5478832 0.5 0.5 2 1 0
1.5445342 0.5 0.5 2 1 0
1.5411852 0.5 0.5 2 1 0
1.5378362 0.5 0.5 2 1 0
1.5344872 0.5 0.5 2 1 0
1.5311382 0.5 0.5 2 1 0
1.5277892 0.5 0.5 2 1 0
1.5244401 0.5 0.5 2 1 0
1.5210911 0.5 0.5 2 1 0
1.5177421 0.5 0.5 2 1 0
1.5143931 0.5 0.5 2 1 0
1.5110441 0.5 0.5 2 1 0
1.5076951 0.5 0.5 2 1 0
1.5043461 0.5 0.5 2 1 0
1.5009971 0.5 0.5 2 1 0
1.497648 0.5 0.5 2 1 0
1.494299 0.5 0.5 2 1 0
1.49095 0.5 0.5 2 1 0
1.487601 0.5 0.5 2 1 0
1.484252 0.5 0.5 2 1 0
1.480903 0.5 0.5 2 1 0
1.477554 0.5 0.5 2 1 0
1.4742049 0.5 0.5 2 1 0
1.4708559 0.5 0.5 2 1 0
1.4675069 0.5 0.5 2 1 0
1.4641579 0.5 0.5 2 1 0
1.4608089 0.5 0.5 2 1 0
1.4574599 0.5 0.5 2 1 0
1.4541109 0.5 0.5 2 1 0
1.4507619 0.5 0.5 2 1 0
1.4474128 0.5 0.5 2 1 0
1.4440638 0.5 0.5 2 1 0
1.4407148 0.5 0.5 2 1 0
1.4373658 0.5 0.5 2 1 0
1.4340168 0.5 0.5 2 1 0
1.4306678 0.5 0.5 2 1 0
1.4273188 0.5 0.5 2 1 0
1.4239698 0.5 0.5 2 1 0
1.4206207 0.5 0.5 2 1 0
1.4172717 0.5 0.5 2 1 0
1.4139227 0.5 0.5 2 1 0
1.4105737 0.5 0.5 2 1 0
1.4072247 0.5 0.5 2 1 0
1.4038757 0.5 0.5 2 1 0
1.4005267 0.5 0.5 2 1 0
1.3971776 0.5 0.5 2 1 0
1.3938286 0.5 0.5 2 1 0
1.3904796 0.5 0.5 2 1 0
1.3871306 0.5 0.5 2 1 0
1.3837816 0.5 0.5 2 1 0
1.3804326 0.5 0.5 2 1 0
1.3770836 0.5 0.5 2 1 0
1.3737346 0.5 0.5 2 1 0
1.3703855 0.5 0.5 2 1 0
1.3670365 0.5 0.5 2 1 0
1.3636875 0.5 0.5 2 1 0
1.3603385 0.5 0.5 2 1 0
1.3569895 0.5 0.5 2 1 0
1.3536405 0.5 0.5 2 1 0
1.3502915 0.5 0.5 2 1 0
1.3469425 0.5 0.5 2 1 0
1.3435934 0.5 0.5 2 1 0
1.3402444 0.5 0.5 2 1 0
1.3368954 0.5 0.5 2 1 0
1.3335464 0.5 0.5 2 1 0
1.3335464 0.5 0.5 1 1 0
1.3321964 0.5 0.5 1 1 0
1.3308465 0.5 0.5 1 1 0
1.3294965 0.5 0.5 1 1 0
1.3281466 0.5 0.5 1 1 0
1.3267966 0.5 0.5 1 1 0
1.3254467 0.5 0.5 1 1 0
1.3240967 0.5 0.5 1 1 0
1.3227468 0.5 0.5 1 1 0
1.3213968 0.5 0.5 1 1 0
1.3200469 0.5 0.5 1 1 0
1.3186969 0.5 0.5 1 1 0
1.317347 0.5 0.5 1 1 0
1.315997 0.5 0.5 1 1 0
1.3146471 0.5 0.5 1 1 0
1.3132971 0.5 0.5 1 1 0
1.3119471 0.5 0.5 1 1 0
1.3105972 0.5 0.5 1 1 0
1.3092472 0.5 0.5 1 1 0
1.3078973 0.5 0.5 1 1 0
1.3065473 0.5 0.5 1 1 0
1.3051974 0.5 0.5 1 1 0
1.3038474 0.5 0.5 1 1 0
1.3024975 0.5 0.5 1 1 0
1.3011475 0.5 0.5 1 1 0
1.2997976 0.5 0.5 1 1 0
1.2984476 0.5 0.5 1 1 0
1.2970977 0.5 0.5 1 1 0
1.2957477 0.5 0.5 1 1 0
1.2943978 0.5 0.5 1 1 0
1.2930478 0.5 0.5 1 1 0
1.2916978 0.5 0.5 1 1 0
1.2903479 0.5 0.5 1 1 0
1.2889979 0.5 0.5 1 1 0
1.287648 0.5 0.5 1 1 0
1.286298 0.5 0.5 1 1 0
1.2849481 0.5 0.5 1 1 0
1.2835981 0.5 0.5 1 1 0
1.2822482 0.5 0.5 1 1 0
1.2808982 0.5 0.5 1 1 0
1.2795483 0.5 0.5 1 1 0
1.2781983 0.5 0.5 1 1 0
1.2768484 0.5 0.5 1 1 0
1.2754984 0.5 0.5 1 1 0
1.2741485 0.5 0.5 1 1 0
1.2727985 0.5 0.5 1 1 0
1.2714486 0.5 0.5 1 1 0
1.2700986 0.5 0.5 1 1 0
1.2687486 0.5 0.5 1 1 0
1.2673987 0.5 0.5 1 1 0
1.2660487 0.5 0.5 1 1 0
1.2646988 0.5 0.5 1 1 0
1.2633488 0.5 0.5 1 1 0
1.2619989 0.5 0.5 1 1 0
1.2606489 0.5 0.5 1 1 0
1.259299 0.5 0.5 1 1 0
1.257949 0.5 0.5 1 1 0
1.2565991 0.5 0.5 1 1 0
1.2552491 0.5 0.5 1 1 0
1.2538992 0.5 0.5 1 1 0
1.2525492 0.5 0.5 1 1 0
1.2511993 0.5 0.5 1 1 0
1.2498493 0.5 0.5 1 1 0
1.2484993 0.5 0.5 1 1 0
1.2471494 0.5 0.5 1 1 0
1.2457994 0.5 0.5 1 1 0
1.2444495 0.5 0.5 1 1 0
1.2430995 0.5 0.5 1 1 0
1.2417496 0.5 0.5 1 1 0
1.2403996 0.5 0.5 1 1 0
1.2390497 0.5 0.5 1 1 0
1.2376997 0.5 0.5 1 1 0
1.2363498 0.5 0.5 1 1 0
1.2349998 0.5 0.5 1 1 0
1.2336499 0.5 0.5 1 1 0
1.2322999 0.5 0.5 1 1 0
1.23095 0.5 0.5 1 1 0
1.2296 0.5 0.5 1 1 0
1.22825 0.5 0.5 1 1 0
1.2269001 0.5 0.5 1 1 0
1.2255501 0.5 0.5 1 1 0
1.2242002 0.5 0.5 1 1 0
1.2228502 0.5 0.5 1 1 0
1.2215003 0.5 0.5 1 1 0
1.2201503 0.5 0.5 1 1 0
1.2188004 0.5 0.5 1 1 0
1.2174504 0.5 0.5 1 1 0
1.2161005 0.5 0.5 1 1 0
1.2147505 0.5 0.5 1 1 0
1.2134006 0.5 0.5 1 1 0
1.2120506 0.5 0.5 1 1 0
1.2107007 0.5 0.5 1 1 0
1.2093507 0.5 0.5 1 1 0
1.2080007 0.5 0.5 1 1 0
1.2066508 0.5 0.5 1 1 0
1.2053008 0.5 0.5 1 1 0
1.2039509 0.5 0.5 1 1 0
1.2026009 0.5 0.5 1 1 0
1.201251 0.5 0.5 1 1 0
1.199901 0.5 0.5 1 1 0
1.1985511 0.5 0.5 1 1 0
1.1972011 0.5 0.5 1 1 0
1.1958512 0.5 0.5 1 1 0
1.1945012 0.5 0.5 1 1 0
1.1931513 0.5 0.5 1 1 0
1.1918013 0.5 0.5 1 1 0
1.1904514 0.5 0.5 1 1 0
1.1891014 0.5 0.5 1 1 0
1.1877514 0.5 0.5 1 1 0
1.1864015 0.5 0.5 1 1 0
1.1850515 0.5 0.5 1 1 0
1.1837016 0.5 0.5 1 1 0
1.1823516 0.5 0.5 1 1 0
1.1810017 0.5 0.5 1 1 0
1.1796517 0.5 0.5 1 1 0
1.1783018 0.5 0.5 1 1 0
1.1769518 0.5 0.5 1 1 0
1.1756019 0.5 0.5 1 1 0
1.1742519 0.5 0.5 1 1 0
1.172902 0.5 0.5 1 1 0
1.171552 0.5 0.5 1 1 0
1.1702021 0.5 0.5 1 1 0
1.1688521 0.5 0.5 1 1 0
1.1675021 0.5 0.5 1 1 0
1.1661522 0.5 0.5 1 1 0
1.1648022 0.5 0.5 1 1 0
1.1634523 0.5 0.5 1 1 0
1.1621023 0.5 0.5 1 1 0
1.1607524 0.5 0.5 1 1 0
1.1594024 0.5 0.5 1 1 0
1.1580525 0.5 0.5 1 1 0
1.1567025 0.5 0.5 1 1 0
1.1553526 0.5 0.5 1 1 0
1.1540026 0.5 0.5 1 1 0
1.1526527 0.5 0.5 1 1 0
1.1513027 0.5 0.5 1 1 0
1.1499528 0.5 0.5 1 1 0
1.1486028 0.5 0.5 1 1 0
1.1472529 0.5 0.5 1 1 0
1.1459029 0.5 0.5 1 1 0
1.1445529 0.5 0.5 1 1 0
1.143203 0.5 0.5 1 1 0
1.141853 0.5 0.5 1 1 0
1.1405031 0.5 0.5 1 1 0
1.1391531 0.5 0.5 1 1 0
1.1378032 0.5 0.5 1 1 0
1.1364532 0.5 0.5 1 1 0
1.1351033 0.5 0.5 1 1 0
1.1337533 0.5 0.5 1 1 0
1.1324034 0.5 0.5 1 1 0
1.1310534 0.5 0.5 1 1 0
1.1297035 0.5 0.5 1 1 0
1.1283535 0.5 0.5 1 1 0
1.1270036 0.5 0.5 1 1 0
1.1256536 0.5 0.5 1 1 0
1.1243036 0.5 0.5 1 1 0
1.1229537 0.5 0.5 1 1 0
1.1216037 0.5 0.5 1 1 0
1.1202538 0.5 0.5 1 1 0
1.1189038 0.5 0.5 1 1 0
1.1175539 0.5 0.5 1 1 0
1.1162039 0.5 0.5 1 1 0
1.114854 0.5 0.5 1 1 0
1.113504 0.5 0.5 1 1 0
1.1121541 0.5 0.5 1 1 0
1.1108041 0.5 0.5 1 1 0
1.1094542 0.5 0.5 1 1 0
1.1081042 0.5 0.5 1 1 0
1.1067543 0.5 0.5 1 1 0
1.1054043 0.5 0.5 1 1 0
1.1040543 0.5 0.5 1 1 0
1.1027044 0.5 0.5 1 1 0
1.1013544 0.5 0.5 1 1 0
1.1000045 0.5 0.5 1 1 0
1.0986545 0.5 0.5 1 1 0
1.0973046 0.5 0.5 1 1 0
1.0959546 0.5 0.5 1 1 0
1.0946047 0.5 0.5 1 1 0
1.0932547 0.5 0.5 1 1 0
1.0919048 0.5 0.5 1 1 0
1.0905548 0.5 0.5 1 1 0
1.0892049 0.5 0.5 1 1 0
1.0878549 0.5 0.5 1 1 0
1.086505 0.5 0.5 1 1 0
1.085155 0.5 0.5 1 1 0
1.083805 0.5 0.5 1 1 0
1.0824551 0.5 0.5 1 1 0
1.0811051 0.5 0.5 1 1 0
1.0797552 0.5 0.5 1 1 0
1.0784052 0.5 0.5 1 1 0
1.0770553 0.5 0.5 1 1 0
1.0757053 0.5 0.5 1 1 0
1.0743554 0.5 0.5 1 1 0
1.0730054 0.5 0.5 1 1 0
1.0716555 0.5 0.5 1 1 0
1.0703055 0.5 0.5 1 1 0
1.0689556 0.5 0.5 1 1 0
1.0676056 0.5 0.5 1 1 0
1.0662557 0.5 0.5 1 1 0
1.0649057 0.5 0.5 1 1 0
1.0649057 0.5 0.5 2 1 0
1.0645795 0.5 0.5 2 1 0
1.0642534 0.5 0.5 2 1 0
1.0639272 0.5 0.5 2 1 0
1.0636011 0.5 0.5 2 1 0
1.0632749 0.5 0.5 2 1 0
1.0629487 0.5 0.5 2 1 0
1.0626226 0.5 0.5 2 1 0
1.0622964 0.5 0.5 2 1 0
1.0619703 0.5 0.5 2 1 0
1.0616441 0.5 0.5 2 1 0
1.0613179 0.5 0.5 2 1 0
1.0609918 0.5 0.5 2 1 0
1.0606656 0.5 0.5 2 1 0
1.0603395 0.5 0.5 2 1 0
1.0600133 0.5 0.5 2 1 0
1.0596872 0.5 0.5 2 1 0
1.059361 0.5 0.5 2 1 0
1.0590348 0.5 0.5 2 1 0
1.0587087 0.5 0.5 2 1 0
1.0583825 0.5 0.5 2 1 0
1.0580564 0.5 0.5 2 1 0
1.0577302 0.5 0.5 2 1 0
1.057404 0.5 0.5 2 1 0
1.0570779 0.5 0.5 2 1 0
1.0567517 0.5 0.5 2 1 0
1.0564256 0.5 0.5 2 1 0
1.0560994 0.5 0.5 2 1 0
1.0557732 0.5 0.5 2 1 0
1.0554471 0.5 0.5 2 1 0
1.0551209 0.5 0.5 2 1 0
1.0547948 0.5 0.5 2 1 0
1.0544686 0.5 0.5 2 1 0
1.0541424 0.5 0.5 2 1 0
1.0538163 0.5 0.5 2 1 0
1.0534901 0.5 0.5 2 1 0
1.053164 0.5 0.5 2 1 0
1.0528378 0.5 0.5 2 1 0
1.0525116 0.5 0.5 2 1 0
1.0521855 0.5 0.5 2 1 0
1.0518593 0.5 0.5 2 1 0
1.0515332 0.5 0.5 2 1 0
1.051207 0.5 0.5 2 1 0
1.0508809 0.5 0.5 2 1 0
1.0505547 0.5 0.5 2 1 0
1.0502285 0.5 0.5 2 1 0
1.0499024 0.5 0.5 2 1 0
1.0495762 0.5 0.5 2 1 0
1.0492501 0.5 0.5 2 1 0
1.0489239 0.5 0.5 2 1 0
1.0485977 0.5 0.5 2 1 0
1.0482716 0.5 0.5 2 1 0
1.0479454 0.5 0.5 2 1 0
1.0476193 0.5 0.5 2 1 0
1.0472931 0.5 0.5 2 1 0
1.0469669 0.5 0.5 2 1 0
1.0466408 0.5 0.5 2 1 0
1.0463146 0.5 0.5 2 1 0
1.0459885 0.5 0.5 2 1 0
1.0456623 0.5 0.5 2 1 0
1.0453361 0.5 0.5 2 1 0
1.04501 0.5 0.5 2 1 0
1.0446838 0.5 0.5 2 1 0
1.0443577 0.5 0.5 2 1 0
1.0440315 0.5 0.5 2 1 0
1.0437053 0.5 0.5 2 1 0
1.0433792 0.5 0.5 2 1 0
1.043053 0.5 0.5 2 1 0
1.0427269 0.5 0.5 2 1 0
1.0424007 0.5 0.5 2 1 0
1.0420746 0.5 0.5 2 1 0
1.0417484 0.5 0.5 2 1 0
1.0414222 0.5 0.5 2 1 0
1.0410961 0.5 0.5 2 1 0
1.0407699 0.5 0.5 2 1 0
1.0404438 0.5 0.5 2 1 0
1.0401176 0.5 0.5 2 1 0
1.0397914 0.5 0.5 2 1 0
1.0394653 0.5 0.5 2 1 0
1.0391391 0.5 0.5 2 1 0
1.038813 0.5 0.5 2 1 0
1.0384868 0.5 0.5 2 1 0
1.0381606 0.5 0.5 2 1 0
1.0378345 0.5 0.5 2 1 0
1.0375083 0.5 0.5 2 1 0
1.0371822 0.5 0.5 2 1 0
1.036856 0.5 0.5 2 1 0
1.0365298 0.5 0.5 2 1 0
1.0362037 0.5 0.5 2 1 0
1.0358775 0.5 0.5 2 1 0
1.0355514 0.5 0.5 2 1 0
1.0352252 0.5 0.5 2 1 0
1.034899 0.5 0.5 2 1 0
1.0345729 0.5 0.5 2 1 0
1.0342467 0.5 0.5 2 1 0
1.0339206 0.5 0.5 2 1 0
1.0335944 0.5 0.5 2 1 0
1.0332682 0.5 0.5 2 1 0
1.0329421 0.5 0.5 2 1 0
1.0326159 0.5 0.5 2 1 0
1.0322898 0.5 0.5 2 1 0
1.0319636 0.5 0.5 2 1 0
1.0316375 0.5 0.5 2 1 0
1.0313113 0.5 0.5 2 1 0
1.0309851 0.5 0.5 2 1 0
1.030659 0.5 0.5 2 1 0
1.0303328 0.5 0.5 2 1 0
1.0300067 0.5 0.5 2 1 0
1.0296805 0.5 0.5 2 1 0
1.0293543 0.5 0.5 2 1 0
1.0290282 0.5 0.5 2 1 0
1.028702 0.5 0.5 2 1 0
1.0283759 0.5 0.5 2 1 0
1.0280497 0.5 0.5 2 1 0
1.0277235 0.5 0.5 2 1 0
1.0273974 0.5 0.5 2 1 0
1.0270712 0.5 0.5 2 1 0
1.0267451 0.5 0.5 2 1 0
1.0264189 0.5 0.5 2 1 0
1.0260927 0.5 0.5 2 1 0
1.0257666 0.5 0.5 2 1 0
1.0254404 0.5 0.5 2 1 0
1.0251143 0.5 0.5 2 1 0
1.0247881 0.5 0.5 2 1 0
1.0244619 0.5 0.5 2 1 0
1.0241358 0.5 0.5 2 1 0
1.0238096 0.5 0.5 2 1 0
1.0234835 0.5 0.5 2 1 0
1.0231573 0.5 0.5 2 1 0
1.0228312 0.5 0.5 2 1 0
1.022505 0.5 0.5 2 1 0
1.0221788 0.5 0.5 2 1 0
1.0218527 0.5 0.5 2 1 0
1.0215265 0.5 0.5 2 1 0
1.0212004 0.5 0.5 2 1 0
1.0208742 0.5 0.5 2 1 0
1.020548 0.5 0.5 2 1 0
1.0202219 0.5 0.5 2 1 0
1.0198957 0.5 0.5 2 1 0
1.0195696 0.5 0.5 2 1 0
1.0192434 0.5 0.5 2 1 0
1.0189172 0.5 0.5 2 1 0
1.0185911 0.5 0.5 2 1 0
1.0182649 0.5 0.5 2 1 0
1.0179388 0.5 0.5 2 1 0
1.0176126 0.5 0.5 2 1 0
1.0172864 0.5 0.5 2 1 0
1.0169603 0.5 0.5 2 1 0
1.0166341 0.5 0.5 2 1 0
1.016308 0.5 0.5 2 1 0
1.0159818 0.5 0.5 2 1 0
1.0156556 0.5 0.5 2 1 0
1.0153295 0.5 0.5 2 1 0
1.0150033 0.5 0.5 2 1 0
1.0146772 0.5 0.5 2 1 0
1.014351 0.5 0.5 2 1 0
1.0140249 0.5 0.5 2 1 0
1.0136987 0.5 0.5 2 1 0
1.0133725 0.5 0.5 2 1 0
1.0130464 0.5 0.5 2 1 0
1.0127202 0.5 0.5 2 1 0
1.0123941 0.5 0.5 2 1 0
1.0120679 0.5 0.5 2 1 0
1.0117417 0.5 0.5 2 1 0
1.0114156 0.5 0.5 2 1 0
1.0110894 0.5 0.5 2 1 0
1.0107633 0.5 0.5 2 1 0
1.0104371 0.5 0.5 2 1 0
1.0101109 0.5 0.5 2 1 0
1.0097848 0.5 0.5 2 1 0
1.0094586 0.5 0.5 2 1 0
1.0091325 0.5 0.5 2 1 0
1.0088063 0.5 0.5 2 1 0
1.0084801 0.5 0.5 2 1 0
1.008154 0.5 0.5 2 1 0
1.0078278 0.5 0.5 2 1 0
1.0075017 0.5 0.5 2 1 0
1.0071755 0.5 0.5 2 1 0
1.0068493 0.5 0.5 2 1 0
1.0065232 0.5 0.5 2 1 0
1.006197 0.5 0.5 2 1 0
1.0058709 0.5 0.5 2 1 0
1.0055447 0.5 0.5 2 1 0
1.0052185 0.5 0.5 2 1 0
1.0048924 0.5 0.5 2 1 0
1.0045662 0.5 0.5 2 1 0
1.0042401 0.5 0.5 2 1 0
1.0039139 0.5 0.5 2 1 0
1.0035878 0.5 0.5 2 1 0
1.0032616 0.5 0.5 2 1 0
1.0029354 0.5 0.5 2 1 0
1.0026093 0.5 0.5 2 1 0
1.0022831 0.5 0.5 2 1 0
1.001957 0.5 0.5 2 1 0
1.0016308 0.5 0.5 2 1 0
1.0013046 0.5 0.5 2 1 0
1.0009785 0.5 0.5 2 1 0
1.0006523 0.5 0.5 2 1 0
1.0003262 0.5 0.5 2 1 0
1.0 0.5 0.5 2 1 0
1.3335464 0.5 0.5 2 2 0
1.3335464 0.5237876 0.5237876 2 2 0
1.3326104 0.5352703 0.5352703 2 2 0
1.3316743 0.5444468 0.5444468 2 2 0
1.3307383 0.5518876 0.5518876 2 2 0
1.3298023 0.5582501 0.5582501 2 2 0
1.3288663 0.5638668 0.5638668 2 2 0
1.3279302 0.568916 0.568916 2 2 0
1.3269942 0.573511 0.573511 2 2 0
1.3260582 0.5777408 0.5777408 2 2 0
1.3251221 0.5816563 0.5816563 2 2 0
1.3241861 0.5854986 0.5854986 2 2 0
1.3232501 0.5896489 0.5896489 2 2 0
1.322314 0.5935329 0.5935329 2 2 0
1.321378 0.5971848 0.5971848 2 2 0
1.320442 0.6006254 0.6006254 2 2 0
1.319506 0.6038815 0.6038815 2 2 0
1.3185699 0.6069659 0.6069659 2 2 0
1.3176339 0.609892 0.609892 2 2 0
1.3166979 0.6126731 0.6126731 2 2 0
1.3157618 0.6154891 0.6154891 2 2 0
1.3148258 0.6185561 0.6185561 2 2 0
1.3138898 0.6214826 0.6214826 2 2 0
1.3129537 0.6242791 0.6242791 2 2 0
1.3120177 0.6269549 0.6269549 2 2 0
1.3110817 0.6295119 0.6295119 2 2 0
1.3101456 0.631966 0.631966 2 2 0
1.3092096 0.6343135 0.6343135 2 2 0
1.3082736 0.636566 0.636566 2 2 0
1.3073376 0.639014 0.639014 2 2 0
1.3064015 0.6415234 0.6415234 2 2 0
1.3054655 0.6439404 0.6439404 2 2 0
1.3045295 0.6462615 0.6462615 2 2 0
1.3035934 0.6484954 0.6484954 2 2 0
1.3026574 0.650646 0.650646 2 2 0
1.3017214 0.652716 0.652716 2 2 0
1.3007853 0.6547082 0.6547082 2 2 0
1.2998493 0.6567178 0.6567178 2 2 0
1.2989133 0.6589465 0.6589465 2 2 0
1.2979773 0.661095 0.661095 2 2 0
1.2970412 0.6631679 0.6631679 2 2 0
1.2961052 0.6651688 0.6651688 2 2 0
1.2951692 0.6671003 0.6671003 2 2 0
1.2942331 0.6689641 0.6689641 2 2 0
1.2932971 0.6707607 0.6707607 2 2 0
1.2923611 0.6725303 0.6725303 2 2 0
1.291425 0.6745404 0.6745404 2 2 0
1.290489 0.6764842 0.6764842 2 2 0
1.289553 0.6783639 0.6783639 2 2 0
1.288617 0.6801819 0.6801819 2 2 0
1.2876809 0.6819395 0.6819395 2 2 0
1.2867449 0.6836361 0.6836361 2 2 0
1.2858089 0.6852773 0.6852773 2 2 0
1.2848728 0.686932 0.686932 2 2 0
1.2839368 0.6887642 0.6887642 2 2 0
1.2830008 0.6905388 0.6905388 2 2 0
1.2820647 0.6922581 0.6922581 2 2 0
1.2811287 0.693923 0.693923 2 2 0
1.2801927 0.695532 0.695532 2 2 0
1.2792566 0.6970915 0.6970915 2 2 0
1.2783206 0.6985973 0.6985973 2 2 0
1.2773846 0.7002167 0.7002167 2 2 0
1.2764486 0.7018991 0.7018991 2 2 0
1.2755125 0.703528 0.703528 2 2 0
1.2745765 0.7051089 0.7051089 2 2 0
1.2736405 0.7066383 0.7066383 2 2 0
1.2727044 0.7081213 0.7081213 2 2 0
1.2717684 0.7095551 0.7095551 2 2 0
1.2708324 0.7109902 0.7109902 2 2 0
1.2698963 0.7125842 0.7125842 2 2 0
1.2689603 0.7141331 0.7141331 2 2 0
1.2680243 0.7156334 0.7156334 2 2 0
1.2670883 0.7170899 0.7170899 2 2 0
1.2661522 0.7184991 0.7184991 2 2 0
1.2652162 0.7198663 0.7198663 2 2 0
1.2642802 0.7211895 0.7211895 2 2 0
1.2633441 0.7227013 0.7227013 2 2 0
1.2624081 0.7241719 0.7241719 2 2 0
1.2614721 0.7255978 0.7255978 2 2 0
1.260536 0.726983 0.726983 2 2 0
1.2596 0.7283231 0.7283231 2 2 0
1.258664 0.7296231 0.7296231 2 2 0
1.2577279 0.7308879 0.7308879 2 2 0
1.2567919 0.7323243 0.7323243 2 2 0
1.2558559 0.73372 0.73372 2 2 0
1.2549199 0.7350754 0.7350754 2 2 0
1.2539838 0.7363885 0.7363885 2 2 0
1.2530478 0.7376631 0.7376631 2 2 0
1.2521118 0.7388993 0.7388993 2 2 0
1.2511757 0.7401485 0.7401485 2 2 0
1.2502397 0.74151 0.74151 2 2 0
1.2493037 0.7428338 0.7428338 2 2 0
1.2483676 0.7441185 0.7441185 2 2 0
1.2474316 0.7453639 0.7453639 2 2 0
1.2464956 0.7465725 0.7465725 2 2 0
1.2455596 0.7477444 0.7477444 2 2 0
1.2446235 0.7490131 0.7490131 2 2 0
1.2436875 0.7503012 0.7503012 2 2 0
1.2427515 0.7515532 0.7515532 2 2 0
1.2418154 0.7527693 0.7527693 2 2 0
1.2408794 0.7539494 0.7539494 2 2 0
1.2399434 0.7550928 0.7550928 2 2 0
1.2390073 0.7562577 0.7562577 2 2 0
1.2380713 0.757511 0.757511 2 2 0
1.2371353 0.7587291 0.7587291 2 2 0
1.2361993 0.7599124 0.7599124 2 2 0
1.2352632 0.7610602 0.7610602 2 2 0
1.2343272 0.7621728 0.7621728 2 2 0
1.2333912 0.7632732 0.7632732 2 2 0
1.2324551 0.7644885 0.7644885 2 2 0
1.2315191 0.7656701 0.7656701 2 2 0
1.2305831 0.7668179 0.7668179 2 2 0
1.229647 0.7679321 0.7679321 2 2 0
1.228711 0.7690127 0.7690127 2 2 0
1.227775 0.7700779 0.7700779 2 2 0
1.2268389 0.7712535 0.7712535 2 2 0
1.2259029 0.7723963 0.7723963 2 2 0
1.2249669 0.7735064 0.7735064 2 2 0
1.2240309 0.774584 0.774584 2 2 0
1.2230948 0.7756294 0.7756294 2 2 0
1.2221588 0.7766844 0.7766844 2 2 0
1.2212228 0.77782 0.77782 2 2 0
1.2202867 0.7789235 0.7789235 2 2 0
1.2193507 0.7799951 0.7799951 2 2 0
1.2184147 0.7810345 0.7810345 2 2 0
1.2174786 0.7820429 0.7820429 2 2 0
1.2165426 0.7831066 0.7831066 2 2 0
1.2156066 0.7841988 0.7841988 2 2 0
1.2146706 0.78526 0.78526 2 2 0
1.2137345 0.7862904 0.7862904 2 2 0
1.2127985 0.7872904 0.7872904 2 2 0
1.2118625 0.7882708 0.7882708 2 2 0
1.2109264 0.789349 0.789349 2 2 0
1.2099904 0.7903974 0.7903974 2 2 0
1.2090544 0.7914156 0.7914156 2 2 0
1.2081183 0.792404 0.792404 2 2 0
1.2071823 0.7933627 0.7933627 2 2 0
1.2062463 0.7943861 0.7943861 2 2 0
1.2053103 0.7954187 0.7954187 2 2 0
1.2043742 0.7964219 0.7964219 2 2 0
1.2034382 0.7973957 0.7973957 2 2 0
1.2025022 0.7983405 0.7983405 2 2 0
1.2015661 0.7993189 0.7993189 2 2 0
1.2006301 0.8003332 0.8003332 2 2 0
1.1996941 0.8013185 0.8013185 2 2 0
1.198758 0.8022752 0.8022752 2 2 0
1.197822 0.8032035 0.8032035 2 2 0
1.196886 0.8041543 0.8041543 2 2 0
1.1959499 0.8051478 0.8051478 2 2 0
1.1950139 0.806113 0.806113 2 2 0
1.1940779 0.8070502 0.8070502 2 2 0
1.1931419 0.8079592 0.8079592 2 2 0
1.1922058 0.8088964 0.8088964 2 2 0
1.1912698 0.8098666 0.8098666 2 2 0
1.1903338 0.8108089 0.8108089 2 2 0
1.1893977 0.8117236 0.8117236 2 2 0
1.1884617 0.812611 0.812611 2 2 0
1.1875257 0.8135475 0.8135475 2 2 0
1.1865896 0.8144926 0.8144926 2 2 0
1.1856536 0.8154106 0.8154106 2 2 0
1.1847176 0.8163016 0.8163016 2 2 0
1.1837816 0.8171674 0.8171674 2 2 0
1.1828455 0.8181119 0.8181119 2 2 0
1.1819095 0.8190304 0.8190304 2 2 0
1.1809735 0.8199216 0.8199216 2 2 0
1.1800374 0.820786 0.820786 2 2 0
1.1791014 0.8216718 0.8216718 2 2 0
1.1781654 0.8225873 0.8225873 2 2 0
1.1772293 0.8234766 0.8234766 2 2 0
1.1762933 0.8243398 0.8243398 2 2 0
1.1753573 0.825181 0.825181 2 2 0
1.1744213 0.8260916 0.8260916 2 2 0
1.1734852 0.8269766 0.8269766 2 2 0
1.1725492 0.8278349 0.8278349 2 2 0
1.1716132 0.8286678 0.8286678 2 2 0
1.1706771 0.8295444 0.8295444 2 2 0
1.1697411 0.8304223 0.8304223 2 2 0
1.1688051 0.8312749 0.8312749 2 2 0
1.167869 0.8321024 0.8321024 2 2 0
1.166933 0.8329529 0.8329529 2 2 0
1.165997 0.8338213 0.8338213 2 2 0
1.1650609 0.8346646 0.8346646 2 2 0
1.1641249 0.8354831 0.8354831 2 2 0
1.1631889 0.8363159 0.8363159 2 2 0
1.1622529 0.8371741 0.8371741 2 2 0
1.1613168 0.8380078 0.8380078 2 2 0
1.1603808 0.8388153 0.8388153 2 2 0
1.1594448 0.8396378 0.8396378 2 2 0
1.1585087 0.8404826 0.8404826 2 2 0
1.1575727 0.8413032 0.8413032 2 2 0
1.1566367 0.8420998 0.8420998 2 2 0
1.1557006 0.8429195 0.8429195 2 2 0
1.1547646 0.8437492 0.8437492 2 2 0
1.1538286 0.8445549 0.8445549 2 2 0
1.1528926 0.845337 0.845337 2 2 0
1.1519565 0.8461593 0.8461593 2 2 0
1.1510205 0.8469738 0.8469738 2 2 0
1.1500845 0.8477631 0.8477631 2 2 0
1.1491484 0.8485386 0.8485386 2 2 0
1.1482124 0.8493579 0.8493579 2 2 0
1.1472764 0.8501545 0.8501545 2 2 0
1.1463403 0.8509273 0.8509273 2 2 0
1.1454043 0.8517151 0.8517151 2 2 0
1.1444683 0.8525151 0.8525151 2 2 0
1.1435322 0.8532921 0.8532921 2 2 0
1.1425962 0.8540487 0.8540487 2 2 0
1.1416602 0.8548506 0.8548506 2 2 0
1.1407242 0.8556295 0.8556295 2 2 0
1.1397881 0.8563856 0.8563856 2 2 0
1.1388521 0.8571626 0.8571626 2 2 0
1.1379161 0.857943 0.857943 2 2 0
1.13698 0.8586994 0.8586994 2 2 0
1.136044 0.8594538 0.8594538 2 2 0
1.135108 0.8602329 0.8602329 2 2 0
1.1341719 0.8609901 0.8609901 2 2 0
1.1332359 0.861727 0.861727 2 2 0
1.1322999 0.862503 0.862503 2 2 0
1.1313639 0.8632574 0.8632574 2 2 0
1.1304278 0.8639899 0.8639899 2 2 0
1.1294918 0.864755 0.864755 2 2 0
1.1285558 0.8655052 0.8655052 2 2 0
1.1276197 0.8662337 0.8662337 2 2 0
1.1266837 0.86699 0.86699 2 2 0
1.1257477 0.8677345 0.8677345 2 2 0
1.1248116 0.8684579 0.8684579 2 2 0
1.1238756 0.8692067 0.8692067 2 2 0
1.1229396 0.869946 0.869946 2 2 0
1.1220036 0.8706628 0.8706628 2 2 0
1.1210675 0.8714073 0.8714073 2 2 0
1.1201315 0.872139 0.872139 2 2 0
1.1191955 0.8728489 0.8728489 2 2 0
1.1182594 0.8735918 0.8735918 2 2 0
1.1173234 0.8743142 0.8743142 2 2 0
1.1163874 0.8750271 0.8750271 2 2 0
1.1154513 0.87576 0.87576 2 2 0
1.1145153 0.8764721 0.8764721 2 2 0
1.1135793 0.877189 0.877189 2 2 0
1.1126432 0.8779114 0.8779114 2 2 0
1.1117072 0.8786125 0.8786125 2 2 0
1.1107712 0.8793341 0.8793341 2 2 0
1.1098352 0.8800449 0.8800449 2 2 0
1.1088991 0.8807448 0.8807448 2 2 0
1.1079631 0.8814622 0.8814622 2 2 0
1.1070271 0.8821596 0.8821596 2 2 0
1.106091 0.882869 0.882869 2 2 0
1.105155 0.8835721 0.8835721 2 2 0
1.104219 0.8842657 0.8842657 2 2 0
1.1032829 0.8849749 0.8849749 2 2 0
1.1023469 0.8856631 0.8856631 2 2 0
1.1014109 0.886367 0.886367 2 2 0
1.1004749 0.8870605 0.8870605 2 2 0
1.0995388 0.8877521 0.8877521 2 2 0
1.0986028 0.8884484 0.8884484 2 2 0
1.0976668 0.8891312 0.8891312 2 2 0
1.0967307 0.8898298 0.8898298 2 2 0
1.0957947 0.8905087 0.8905087 2 2 0
1.0948587 0.8912043000000001 0.8912043000000001 2 2 0
1.0939226 0.891885 0.891885 2 2 0
1.0929866 0.8925730000000001 0.8925730000000001 2 2 0
1.0920506 0.8932543 0.8932543 2 2 0
1.0911146 0.8939375 0.8939375 2 2 0
1.0901785 0.8946184 0.8946184 2 2 0
1.0892425 0.8952971 0.8952971 2 2 0
1.0883065 0.8959774 0.8959774 2 2 0
1.0873704 0.8966526 0.8966526 2 2 0
1.0864344 0.8973309 0.8973309 2 2 0
1.0854984 0.8980049 0.8980049 2 2 0
1.0845623 0.8986805 0.8986805 2 2 0
1.0836263 0.8993529 0.8993529 2 2 0
1.0826903 0.9000258 0.9000258 2 2 0
1.0817542 0.9006976 0.9006976 2 2 0
1.0808182 0.9013665 0.9013665 2 2 0
1.0798822 0.9020389 0.9020389 2 2 0
1.0789462 0.9027032 0.9027032 2 2 0
1.0780101 0.9033761 0.9033761 2 2 0
1.0770741 0.9040376999999999 0.9040376999999999 2 2 0
1.0761381 0.9047097 0.9047097 2 2 0
1.075202 0.9053732 0.9053732 2 2 0
1.074266 0.9060392 0.9060392 2 2 0
1.07333 0.9067051 0.9067051 2 2 0
1.0723939 0.9073642 0.9073642 2 2 0
1.0714579 0.9080327 0.9080327 2 2 0
1.0705219 0.9086936999999999 0.9086936999999999 2 2 0
1.0695859 0.9093557 0.9093557 2 2 0
1.0686498 0.91002 0.91002 2 2 0
1.0677138 0.9106785 0.9106785 2 2 0
1.0667778 0.9113413 0.9113413 2 2 0
1.0658417 0.9120035 0.9120035 2 2 0
1.0649057 0.9126615 0.9126615 2 2 0
1.3335464 0.5 0.5 2 2 0
1.3335464 0.4762124 0.4762124 2 2 0
1.3326104 0.4647297 0.4647297 2 2 0
1.3316743 0.4555532 0.4555532 2 2 0
1.3307383 0.4481124 0.4481124 2 2 0
1.3298023 0.4417499 0.4417499 2 2 0
1.3288663 0.4361332 0.4361332 2 2 0
1.3279302 0.431084 0.431084 2 2 0
1.3269942 0.426489 0.426489 2 2 0
1.3260582 0.4222592 0.4222592 2 2 0
1.3251221 0.4183437 0.4183437 2 2 0
1.3241861 0.4145014 0.4145014 2 2 0
1.3232501 0.4103511 0.4103511 2 2 0
1.322314 0.4064671 0.4064671 2 2 0
1.321378 0.4028152 0.4028152 2 2 0
1.320442 0.3993746 0.3993746 2 2 0
1.319506 0.3961185 0.3961185 2 2 0
1.3185699 0.3930341 0.3930341 2 2 0
1.3176339 0.390108 0.390108 2 2 0
1.3166979 0.3873269 0.3873269 2 2 0
1.3157618 0.3845109 0.3845109 2 2 0
1.3148258 0.3814439 0.3814439 2 2 0
1.3138898 0.3785174 0.3785174 2 2 0
1.3129537 0.3757209 0.3757209 2 2 0
1.3120177 0.3730451 0.3730451 2 2 0
1.3110817 0.3704881 0.3704881 2 2 0
1.3101456 0.368034 0.368034 2 2 0
1.3092096 0.3656865 0.3656865 2 2 0
1.3082736 0.363434 0.363434 2 2 0
1.3073376 0.360986 0.360986 2 2 0
1.3064015 0.3584766 0.3584766 2 2 0
1.3054655 0.3560596 0.3560596 2 2 0
1.3045295 0.3537385 0.3537385 2 2 0
1.3035934 0.3515046 0.3515046 2 2 0
1.3026574 0.349354 0.349354 2 2 0
1.3017214 0.347284 0.347284 2 2 0
1.3007853 0.3452918 0.3452918 2 2 0
1.2998493 0.3432822 0.3432822 2 2 0
1.2989133 0.3410535 0.3410535 2 2 0
1.2979773 0.338905 0.338905 2 2 0
1.2970412 0.3368321 0.3368321 2 2 0
1.2961052 0.3348312 0.3348312 2 2 0
1.2951692 0.3328997 0.3328997 2 2 0
1.2942331 0.3310359 0.3310359 2 2 0
1.2932971 0.3292393 0.3292393 2 2 0
1.2923611 0.3274697 0.3274697 2 2 0
1.291425 0.3254596 0.3254596 2 2 0
1.290489 0.3235158 0.3235158 2 2 0
1.289553 0.3216361 0.3216361 2 2 0
1.288617 0.3198181 0.3198181 2 2 0
1.2876809 0.3180605 0.3180605 2 2 0
1.2867449 0.3163639 0.3163639 2 2 0
1.2858089 0.3147227 0.3147227 2 2 0
1.2848728 0.313068 0.313068 2 2 0
1.2839368 0.3112358 0.3112358 2 2 0
1.2830008 0.3094612 0.3094612 2 2 0
1.2820647 0.3077419 0.3077419 2 2 0
1.2811287 0.306077 0.306077 2 2 0
1.2801927 0.304468 0.304468 2 2 0
1.2792566 0.3029085 0.3029085 2 2 0
1.2783206 0.3014027 0.3014027 2 2 0
1.2773846 0.2997833 0.2997833 2 2 0
1.2764486 0.2981009 0.2981009 2 2 0
1.2755125 0.296472 0.296472 2 2 0
1.2745765 0.2948911 0.2948911 2 2 0
1.2736405 0.2933617 0.2933617 2 2 0
1.2727044 0.2918787 0.2918787 2 2 0
1.2717684 0.2904449 0.2904449 2 2 0
1.2708324 0.2890098 0.2890098 2 2 0
1.2698963 0.2874158 0.2874158 2 2 0
1.2689603 0.2858669 0.2858669 2 2 0
1.2680243 0.2843666 0.2843666 2 2 0
1.2670883 0.2829101 0.2829101 2 2 0
1.2661522 0.2815009 0.2815009 2 2 0
1.2652162 0.2801337 0.2801337 2 2 0
1.2642802 0.2788105 0.2788105 2 2 0
1.2633441 0.2772987 0.2772987 2 2 0
1.2624081 0.2758281 0.2758281 2 2 0
1.2614721 0.2744022 0.2744022 2 2 0
1.260536 0.273017 0.273017 2 2 0
1.2596 0.2716769 0.2716769 2 2 0
1.258664 0.2703769 0.2703769 2 2 0
1.2577279 0.2691121 0.2691121 2 2 0
1.2567919 0.2676757 0.2676757 2 2 0
1.2558559 0.26628 0.26628 2 2 0
1.2549199 0.2649246 0.2649246 2 2 0
1.2539838 0.2636115 0.2636115 2 2 0
1.2530478 0.2623369 0.2623369 2 2 0
1.2521118 0.2611007 0.2611007 2 2 0
1.2511757 0.2598515 0.2598515 2 2 0
1.2502397 0.25849 0.25849 2 2 0
1.2493037 0.2571662 0.2571662 2 2 0
1.2483676 0.2558815 0.2558815 2 2 0
1.2474316 0.2546361 0.2546361 2 2 0
1.2464956 0.2534275 0.2534275 2 2 0
1.2455596 0.2522556 0.2522556 2 2 0
1.2446235 0.2509869 0.2509869 2 2 0
1.2436875 0.2496988 0.2496988 2 2 0
1.2427515 0.2484468 0.2484468 2 2 0
1.2418154 0.2472307 0.2472307 2 2 0
1.2408794 0.2460506 0.2460506 2 2 0
1.2399434 0.2449072 0.2449072 2 2 0
1.2390073 0.2437423 0.2437423 2 2 0
1.2380713 0.242489 0.242489 2 2 0
1.2371353 0.2412709 0.2412709 2 2 0
1.2361993 0.2400876 0.2400876 2 2 0
1.2352632 0.2389398 0.2389398 2 2 0
1.2343272 0.2378272 0.2378272 2 2 0
1.2333912 0.2367268 0.2367268 2 2 0
1.2324551 0.2355115 0.2355115 2 2 0
1.2315191 0.2343299 0.2343299 2 2 0
1.2305831 0.2331821 0.2331821 2 2 0
1.229647 0.2320679 0.2320679 2 2 0
1.228711 0.2309873 0.2309873 2 2 0
1.227775 0.2299221 0.2299221 2 2 0
1.2268389 0.2287465 0.2287465 2 2 0
1.2259029 0.2276037 0.2276037 2 2 0
1.2249669 0.2264936 0.2264936 2 2 0
1.2240309 0.225416 0.225416 2 2 0
1.2230948 0.2243706 0.2243706 2 2 0
1.2221588 0.2233156 0.2233156 2 2 0
1.2212228 0.22218 0.22218 2 2 0
1.2202867 0.2210765 0.2210765 2 2 0
1.2193507 0.2200049 0.2200049 2 2 0
1.2184147 0.2189655 0.2189655 2 2 0
1.2174786 0.2179571 0.2179571 2 2 0
1.2165426 0.2168934 0.2168934 2 2 0
1.2156066 0.2158012 0.2158012 2 2 0
1.2146706 0.21474 0.21474 2 2 0
1.2137345 0.2137096 0.2137096 2 2 0
1.2127985 0.2127096 0.2127096 2 2 0
1.2118625 0.2117292 0.2117292 2 2 0
1.2109264 0.210651 0.210651 2 2 0
1.2099904 0.2096026 0.2096026 2 2 0
1.2090544 0.2085844 0.2085844 2 2 0
1.2081183 0.207596 0.207596 2 2 0
1.2071823 0.2066373 0.2066373 2 2 0
1.2062463 0.2056139 0.2056139 2 2 0
1.2053103 0.2045813 0.2045813 2 2 0
1.2043742 0.2035781 0.2035781 2 2 0
1.2034382 0.2026043 0.2026043 2 2 0
1.2025022 0.2016595 0.2016595 2 2 0
1.2015661 0.2006811 0.2006811 2 2 0
1.2006301 0.1996668 0.1996668 2 2 0
1.1996941 0.1986815 0.1986815 2 2 0
1.198758 0.1977248 0.1977248 2 2 0
1.197822 0.1967965 0.1967965 2 2 0
1.196886 0.1958457 0.1958457 2 2 0
1.1959499 0.1948522 0.1948522 2 2 0
1.1950139 0.193887 0.193887 2 2 0
1.1940779 0.1929498 0.1929498 2 2 0
1.1931419 0.1920408 0.1920408 2 2 0
1.1922058 0.1911036 0.1911036 2 2 0
1.1912698 0.1901334 0.1901334 2 2 0
1.1903338 0.1891911 0.1891911 2 2 0
1.1893977 0.1882764 0.1882764 2 2 0
1.1884617 0.187389 0.187389 2 2 0
1.1875257 0.1864525 0.1864525 2 2 0
1.1865896 0.1855074 0.1855074 2 2 0
1.1856536 0.1845894 0.1845894 2 2 0
1.1847176 0.1836984 0.1836984 2 2 0
1.1837816 0.1828326 0.1828326 2 2 0
1.1828455 0.1818881 0.1818881 2 2 0
1.1819095 0.1809696 0.1809696 2 2 0
1.1809735 0.1800784 0.1800784 2 2 0
1.1800374 0.179214 0.179214 2 2 0
1.1791014 0.1783282 0.1783282 2 2 0
1.1781654 0.1774127 0.1774127 2 2 0
1.1772293 0.1765234 0.1765234 2 2 0
1.1762933 0.1756602 0.1756602 2 2 0
1.1753573 0.174819 0.174819 2 2 0
1.1744213 0.1739084 0.1739084 2 2 0
1.1734852 0.1730234 0.1730234 2 2 0
1.1725492 0.1721651 0.1721651 2 2 0
1.1716132 0.1713322 0.1713322 2 2 0
1.1706771 0.1704556 0.1704556 2 2 0
1.1697411 0.1695777 0.1695777 2 2 0
1.1688051 0.1687251 0.1687251 2 2 0
1.167869 0.1678976 0.1678976 2 2 0
1.166933 0.1670471 0.1670471 2 2 0
1.165997 0.1661787 0.1661787 2 2 0
1.1650609 0.1653354 0.1653354 2 2 0
1.1641249 0.1645169 0.1645169 2 2 0
1.1631889 0.1636841 0.1636841 2 2 0
1.1622529 0.1628259 0.1628259 2 2 0
1.1613168 0.1619922 0.1619922 2 2 0
1.1603808 0.1611847 0.1611847 2 2 0
1.1594448 0.1603622 0.1603622 2 2 0
1.1585087 0.1595174 0.1595174 2 2 0
1.1575727 0.1586968 0.1586968 2 2 0
1.1566367 0.1579002 0.1579002 2 2 0
1.1557006 0.1570805 0.1570805 2 2 0
1.1547646 0.1562508 0.1562508 2 2 0
1.1538286 0.1554451 0.1554451 2 2 0
1.1528926 0.154663 0.154663 2 2 0
1.1519565 0.1538407 0.1538407 2 2 0
1.1510205 0.1530262 0.1530262 2 2 0
1.1500845 0.1522369 0.1522369 2 2 0
1.1491484 0.1514614 0.1514614 2 2 0
1.1482124 0.1506421 0.1506421 2 2 0
1.1472764 0.1498455 0.1498455 2 2 0
1.1463403 0.1490727 0.1490727 2 2 0
1.1454043 0.1482849 0.1482849 2 2 0
1.1444683 0.1474849 0.1474849 2 2 0
1.1435322 0.1467079 0.1467079 2 2 0
1.1425962 0.1459513 0.1459513 2 2 0
1.1416602 0.1451494 0.1451494 2 2 0
1.1407242 0.1443705 0.1443705 2 2 0
1.1397881 0.1436144 0.1436144 2 2 0
1.1388521 0.1428374 0.1428374 2 2 0
1.1379161 0.142057 0.142057 2 2 0
1.13698 0.1413006 0.1413006 2 2 0
1.136044 0.1405462 0.1405462 2 2 0
1.135108 0.1397671 0.1397671 2 2 0
1.1341719 0.1390099 0.1390099 2 2 0
1.1332359 0.138273 0.138273 2 2 0
1.1322999 0.137497 0.137497 2 2 0
1.1313639 0.1367426 0.1367426 2 2 0
1.1304278 0.1360101 0.1360101 2 2 0
1.1294918 0.135245 0.135245 2 2 0
1.1285558 0.1344948 0.1344948 2 2 0
1.1276197 0.1337663 0.1337663 2 2 0
1.1266837 0.13301 0.13301 2 2 0
1.1257477 0.1322655 0.1322655 2 2 0
1.1248116 0.1315421 0.1315421 2 2 0
1.1238756 0.1307933 0.1307933 2 2 0
1.1229396 0.130054 0.130054 2 2 0
1.1220036 0.1293372 0.1293372 2 2 0
1.1210675 0.1285927 0.1285927 2 2 0
1.1201315 0.127861 0.127861 2 2 0
1.1191955 0.1271511 0.1271511 2 2 0
1.1182594 0.1264082 0.1264082 2 2 0
1.1173234 0.1256858 0.1256858 2 2 0
1.1163874 0.1249729 0.1249729 2 2 0
1.1154513 0.12424 0.12424 2 2 0
1.1145153 0.1235279 0.1235279 2 2 0
1.1135793 0.122811 0.122811 2 2 0
1.1126432 0.1220886 0.1220886 2 2 0
1.1117072 0.1213875 0.1213875 2 2 0
1.1107712 0.1206659 0.1206659 2 2 0
1.1098352 0.1199551 0.1199551 2 2 0
1.1088991 0.1192552 0.1192552 2 2 0
1.1079631 0.1185378 0.1185378 2 2 0
1.1070271 0.1178404 0.1178404 2 2 0
1.106091 0.117131 0.117131 2 2 0
1.105155 0.1164279 0.1164279 2 2 0
1.104219 0.1157343 0.1157343 2 2 0
1.1032829 0.1150251 0.1150251 2 2 0
1.1023469 0.1143369 0.1143369 2 2 0
1.1014109 0.113633 0.113633 2 2 0
1.1004749 0.1129395 0.1129395 2 2 0
1.0995388 0.1122479 0.1122479 2 2 0
1.0986028 0.1115516 0.1115516 2 2 0
1.0976668 0.1108688 0.1108688 2 2 0
1.0967307 0.1101702 0.1101702 2 2 0
1.0957947 0.1094913 0.1094913 2 2 0
1.0948587 0.1087957 0.1087957 2 2 0
1.0939226 0.108115 0.108115 2 2 0
1.0929866 0.107427 0.107427 2 2 0
1.0920506 0.1067457 0.1067457 2 2 0
1.0911146 0.1060625 0.1060625 2 2 0
1.0901785 0.1053816 0.1053816 2 2 0
1.0892425 0.1047029 0.1047029 2 2 0
1.0883065 0.1040226 0.1040226 2 2 0
1.0873704 0.1033474 0.1033474 2 2 0
1.0864344 0.1026691 0.1026691 2 2 0
1.0854984 0.1019951 0.1019951 2 2 0
1.0845623 0.1013195 0.1013195 2 2 0
1.0836263 0.1006471 0.1006471 2 2 0
1.0826903 0.0999742 0.0999742 2 2 0
1.0817542 0.0993024 0.0993024 2 2 0
1.0808182 0.0986335 0.0986335 2 2 0
1.0798822 0.0979611 0.0979611 2 2 0
1.0789462 0.0972968 0.0972968 2 2 0
1.0780101 0.0966239 0.0966239 2 2 0
1.0770741 0.0959623 0.0959623 2 2 0
1.0761381 0.0952903 0.0952903 2 2 0
1.075202 0.0946268 0.0946268 2 2 0
1.074266 0.0939608 0.0939608 2 2 0
1.07333 0.0932949 0.0932949 2 2 0
1.0723939 0.0926358 0.0926358 2 2 0
1.0714579 0.0919673 0.0919673 2 2 0
1.0705219 0.0913063 0.0913063 2 2 0
1.0695859 0.0906443 0.0906443 2 2 0
1.0686498 0.08998 0.08998 2 2 0
1.0677138 0.0893215 0.0893215 2 2 0
1.0667778 0.0886587 0.0886587 2 2 0
1.0658417 0.0879965 0.0879965 2 2 0
1.0649057 0.0873385 0.0873385 2 2 0
