2 0.5 0.5 2 1 0
1.998 0.5 0.5 2 1 0
1.997 0.5 0.5 2 1 0
1.996 0.5 0.5 2 1 0
1.995 0.5 0.5 2 1 0
1.994 0.5 0.5 2 1 0
1.993 0.5 0.5 2 1 0
1.992 0.5 0.5 2 1 0
1.991 0.5 0.5 2 1 0
1.99 0.5 0.5 2 1 0
1.989 0.5 0.5 2 1 0
1.988 0.5 0.5 2 1 0
1.987 0.5 0.5 2 1 0
1.986 0.5 0.5 2 1 0
1.985 0.5 0.5 2 1 0
1.984 0.5 0.5 2 1 0
1.983 0.5 0.5 2 1 0
1.982 0.5 0.5 2 1 0
1.981 0.5 0.5 2 1 0
1.98 0.5 0.5 2 1 0
1.979 0.5 0.5 2 1 0
1.978 0.5 0.5 2 1 0
1.977 0.5 0.5 2 1 0
1.976 0.5 0.5 2 1 0
1.975 0.5 0.5 2 1 0
1.974 0.5 0.5 2 1 0
1.973 0.5 0.5 2 1 0
1.972 0.5 0.5 2 1 0
1.971 0.5 0.5 2 1 0
1.97 0.5 0.5 2 1 0
1.969 0.5 0.5 2 1 0
1.968 0.5 0.5 2 1 0
1.967 0.5 0.5 2 1 0
1.966 0.5 0.5 2 1 0
1.965 0.5 0.5 2 1 0
1.964 0.5 0.5 2 1 0
1.963 0.5 0.5 2 1 0
1.962 0.5 0.5 2 1 0
1.961 0.5 0.5 2 1 0
1.96 0.5 0.5 2 1 0
1.959 0.5 0.5 2 1 0
1.958 0.5 0.5 2 1 0
1.957 0.5 0.5 2 1 0
1.956 0.5 0.5 2 1 0
1.955 0.5 0.5 2 1 0
1.954 0.5 0.5 2 1 0
1.953 0.5 0.5 2 1 0
1.952 0.5 0.5 2 1 0
1.951 0.5 0.5 2 1 0
1.95 0.5 0.5 2 1 0
1.949 0.5 0.5 2 1 0
1.948 0.5 0.5 2 1 0
1.947 0.5 0.5 2 1 0
1.946 0.5 0.5 2 1 0
1.945 0.5 0.5 2 1 0
1.944 0.5 0.5 2 1 0
1.943 0.5 0.5 2 1 0
1.942 0.5 0.5 2 1 0
1.941 0.5 0.5 2 1 0
1.94 0.5 0.5 2 1 0
1.939 0.5 0.5 2 1 0
1.938 0.5 0.5 2 1 0
1.937 0.5 0.5 2 1 0
1.936 0.5 0.5 2 1 0
1.935 0.5 0.5 2 1 0
1.934 0.5 0.5 2 1 0
1.933 0.5 0.5 2 1 0
1.932 0.5 0.5 2 1 0
1.931 0.5 0.5 2 1 0
1.93 0.5 0.5 2 1 0
1.929 0.5 0.5 2 1 0
1.928 0.5 0.5 2 1 0
1.927 0.5 0.5 2 1 0
1.926 0.5 0.5 2 1 0
1.925 0.5 0.5 2 1 0
1.924 0.5 0.5 2 1 0
1.923 0.5 0.5 2 1 0
1.922 0.5 0.5 2 1 0
1.921 0.5 0.5 2 1 0
1.92 0.5 0.5 2 1 0
1.919 0.5 0.5 2 1 0
1.918 0.5 0.5 2 1 0
1.917 0.5 0.5 2 1 0
1.916 0.5 0.5 2 1 0
1.915 0.5 0.5 2 1 0
1.914 0.5 0.5 2 1 0
1.913 0.5 0.5 2 1 0
1.912 0.5 0.5 2 1 0
1.911 0.5 0.5 2 1 0
1.91 0.5 0.5 2 1 0
1.909 0.5 0.5 2 1 0
1.908 0.5 0.5 2 1 0
1.907 0.5 0.5 2 1 0
1.906 0.5 0.5 2 1 0
1.905 0.5 0.5 2 1 0
1.904 0.5 0.5 2 1 0
1.903 0.5 0.5 2 1 0
1.902 0.5 0.5 2 1 0
1.901 0.5 0.5 2 1 0
1.9 0.5 0.5 2 1 0
1.899 0.5 0.5 2 1 0
1.898 0.5 0.5 2 1 0
1.897 0.5 0.5 2 1 0
1.896 0.5 0.5 2 1 0
1.895 0.5 0.5 2 1 0
1.894 0.5 0.5 2 1 0
1.893 0.5 0.5 2 1 0
1.892 0.5 0.5 2 1 0
1.891 0.5 0.5 2 1 0
1.89 0.5 0.5 2 1 0
1.889 0.5 0.5 2 1 0
1.888 0.5 0.5 2 1 0
1.887 0.5 0.5 2 1 0
1.886 0.5 0.5 2 1 0
1.885 0.5 0.5 2 1 0
1.884 0.5 0.5 2 1 0
1.883 0.5 0.5 2 1 0
1.882 0.5 0.5 2 1 0
1.881 0.5 0.5 2 1 0
1.88 0.5 0.5 2 1 0
1.879 0.5 0.5 2 1 0
1.878 0.5 0.5 2 1 0
1.877 0.5 0.5 2 1 0
1.876 0.5 0.5 2 1 0
1.875 0.5 0.5 2 1 0
1.874 0.5 0.5 2 1 0
1.873 0.5 0.5 2 1 0
1.872 0.5 0.5 2 1 0
1.871 0.5 0.5 2 1 0
1.87 0.5 0.5 2 1 0
1.869 0.5 0.5 2 1 0
1.868 0.5 0.5 2 1 0
1.867 0.5 0.5 2 1 0
1.866 0.5 0.5 2 1 0
1.865 0.5 0.5 2 1 0
1.864 0.5 0.5 2 1 0
1.863 0.5 0.5 2 1 0
1.862 0.5 0.5 2 1 0
1.861 0.5 0.5 2 1 0
1.86 0.5 0.5 2 1 0
1.859 0.5 0.5 2 1 0
1.858 0.5 0.5 2 1 0
1.857 0.5 0.5 2 1 0
1.856 0.5 0.5 2 1 0
1.855 0.5 0.5 2 1 0
1.854 0.5 0.5 2 1 0
1.853 0.5 0.5 2 1 0
1.852 0.5 0.5 2 1 0
1.851 0.5 0.5 2 1 0
1.85 0.5 0.5 2 1 0
1.849 0.5 0.5 2 1 0
1.84878 0.5 0.5 2 1 0
1.84778 0.5 0.5 1 1 0
1.84678 0.5 0.5 1 1 0
1.84578 0.5 0.5 1 1 0
1.84478 0.5 0.5 1 1 0
1.84378 0.5 0.5 1 1 0
1.84278 0.5 0.5 1 1 0
1.84178 0.5 0.5 1 1 0
1.84078 0.5 0.5 1 1 0
1.83978 0.5 0.5 1 1 0
1.83878 0.5 0.5 1 1 0
1.83778 0.5 0.5 1 1 0
1.83678 0.5 0.5 1 1 0
1.83578 0.5 0.5 1 1 0
1.83478 0.5 0.5 1 1 0
1.83378 0.5 0.5 1 1 0
1.83278 0.5 0.5 1 1 0
1.83178 0.5 0.5 1 1 0
1.83078 0.5 0.5 1 1 0
1.82978 0.5 0.5 1 1 0
1.82878 0.5 0.5 1 1 0
1.82778 0.5 0.5 1 1 0
1.82678 0.5 0.5 1 1 0
1.82578 0.5 0.5 1 1 0
1.82478 0.5 0.5 1 1 0
1.82378 0.5 0.5 1 1 0
1.82278 0.5 0.5 1 1 0
1.82178 0.5 0.5 1 1 0
1.82078 0.5 0.5 1 1 0
1.81978 0.5 0.5 1 1 0
1.81878 0.5 0.5 1 1 0
1.81778 0.5 0.5 1 1 0
1.81678 0.5 0.5 1 1 0
1.81578 0.5 0.5 1 1 0
1.81478 0.5 0.5 1 1 0
1.81378 0.5 0.5 1 1 0
1.81278 0.5 0.5 1 1 0
1.81178 0.5 0.5 1 1 0
1.81078 0.5 0.5 1 1 0
1.80978 0.5 0.5 1 1 0
1.80878 0.5 0.5 1 1 0
1.80778 0.5 0.5 1 1 0
1.80678 0.5 0.5 1 1 0
1.80578 0.5 0.5 1 1 0
1.80478 0.5 0.5 1 1 0
1.80378 0.5 0.5 1 1 0
1.80278 0.5 0.5 1 1 0
1.80178 0.5 0.5 1 1 0
1.80078 0.5 0.5 1 1 0
1.79878 0.5 0.5 1 1 0
1.79778 0.5 0.5 1 1 0
1.79678 0.5 0.5 1 1 0
1.79578 0.5 0.5 1 1 0
1.79478 0.5 0.5 1 1 0
1.79378 0.5 0.5 1 1 0
1.79278 0.5 0.5 1 1 0
1.79178 0.5 0.5 1 1 0
1.79078 0.5 0.5 1 1 0
1.78978 0.5 0.5 1 1 0
1.78878 0.5 0.5 1 1 0
1.78778 0.5 0.5 1 1 0
1.78678 0.5 0.5 1 1 0
1.78578 0.5 0.5 1 1 0
1.78478 0.5 0.5 1 1 0
1.78378 0.5 0.5 1 1 0
1.78278 0.5 0.5 1 1 0
1.78178 0.5 0.5 1 1 0
1.78078 0.5 0.5 1 1 0
1.77978 0.5 0.5 1 1 0
1.77878 0.5 0.5 1 1 0
1.77778 0.5 0.5 1 1 0
1.77678 0.5 0.5 1 1 0
1.77578 0.5 0.5 1 1 0
1.77478 0.5 0.5 1 1 0
1.77378 0.5 0.5 1 1 0
1.77278 0.5 0.5 1 1 0
1.77178 0.5 0.5 1 1 0
1.77078 0.5 0.5 1 1 0
1.76978 0.5 0.5 1 1 0
1.76878 0.5 0.5 1 1 0
1.76778 0.5 0.5 1 1 0
1.76678 0.5 0.5 1 1 0
1.76578 0.5 0.5 1 1 0
1.76478 0.5 0.5 1 1 0
1.76378 0.5 0.5 1 1 0
1.76278 0.5 0.5 1 1 0
1.76178 0.5 0.5 1 1 0
1.76078 0.5 0.5 1 1 0
1.75978 0.5 0.5 1 1 0
1.75878 0.5 0.5 1 1 0
1.75778 0.5 0.5 1 1 0
1.75678 0.5 0.5 1 1 0
1.75578 0.5 0.5 1 1 0
1.75478 0.5 0.5 1 1 0
1.75378 0.5 0.5 1 1 0
1.75278 0.5 0.5 1 1 0
1.75178 0.5 0.5 1 1 0
1.75078 0.5 0.5 1 1 0
1.74978 0.5 0.5 1 1 0
1.74878 0.5 0.5 1 1 0
1.74778 0.5 0.5 1 1 0
1.74678 0.5 0.5 1 1 0
1.74578 0.5 0.5 1 1 0
1.74478 0.5 0.5 1 1 0
1.74378 0.5 0.5 1 1 0
1.74278 0.5 0.5 1 1 0
1.74178 0.5 0.5 1 1 0
1.74078 0.5 0.5 1 1 0
1.73978 0.5 0.5 1 1 0
1.73878 0.5 0.5 1 1 0
1.73778 0.5 0.5 1 1 0
1.73678 0.5 0.5 1 1 0
1.73578 0.5 0.5 1 1 0
1.73478 0.5 0.5 1 1 0
1.73378 0.5 0.5 1 1 0
1.73278 0.5 0.5 1 1 0
1.73178 0.5 0.5 1 1 0
1.73078 0.5 0.5 1 1 0
1.72978 0.5 0.5 1 1 0
1.72878 0.5 0.5 1 1 0
1.72778 0.5 0.5 1 1 0
1.72678 0.5 0.5 1 1 0
1.72578 0.5 0.5 1 1 0
1.72478 0.5 0.5 1 1 0
1.72378 0.5 0.5 1 1 0
1.72278 0.5 0.5 1 1 0
1.72178 0.5 0.5 1 1 0
1.72078 0.5 0.5 1 1 0
1.71978 0.5 0.5 1 1 0
1.71878 0.5 0.5 1 1 0
1.71778 0.5 0.5 1 1 0
1.71678 0.5 0.5 1 1 0
1.71578 0.5 0.5 1 1 0
1.71478 0.5 0.5 1 1 0
1.71378 0.5 0.5 1 1 0
1.71278 0.5 0.5 1 1 0
1.71178 0.5 0.5 1 1 0
1.71078 0.5 0.5 1 1 0
1.70978 0.5 0.5 1 1 0
1.70878 0.5 0.5 1 1 0
1.70778 0.5 0.5 1 1 0
1.70678 0.5 0.5 1 1 0
1.70578 0.5 0.5 1 1 0
1.70478 0.5 0.5 1 1 0
1.70378 0.5 0.5 1 1 0
1.70278 0.5 0.5 1 1 0
1.70178 0.5 0.5 1 1 0
1.70078 0.5 0.5 1 1 0
1.69978 0.5 0.5 1 1 0
1.69878 0.5 0.5 1 1 0
1.69778 0.5 0.5 1 1 0
1.69678 0.5 0.5 1 1 0
1.69578 0.5 0.5 1 1 0
1.69478 0.5 0.5 1 1 0
1.69378 0.5 0.5 1 1 0
1.69278 0.5 0.5 1 1 0
1.69178 0.5 0.5 1 1 0
1.69078 0.5 0.5 1 1 0
1.68978 0.5 0.5 1 1 0
1.68878 0.5 0.5 1 1 0
1.68778 0.5 0.5 1 1 0
1.68678 0.5 0.5 1 1 0
1.68578 0.5 0.5 1 1 0
1.68478 0.5 0.5 1 1 0
1.68378 0.5 0.5 1 1 0
1.68278 0.5 0.5 1 1 0
1.68178 0.5 0.5 1 1 0
1.68078 0.5 0.5 1 1 0
1.67978 0.5 0.5 1 1 0
1.67878 0.5 0.5 1 1 0
1.67778 0.5 0.5 1 1 0
1.67678 0.5 0.5 1 1 0
1.67578 0.5 0.5 1 1 0
1.67478 0.5 0.5 1 1 0
1.67378 0.5 0.5 1 1 0
1.67278 0.5 0.5 1 1 0
1.67178 0.5 0.5 1 1 0
1.67078 0.5 0.5 1 1 0
1.66978 0.5 0.5 1 1 0
1.66878 0.5 0.5 1 1 0
1.66778 0.5 0.5 1 1 0
1.66678 0.5 0.5 1 1 0
1.66578 0.5 0.5 1 1 0
1.66478 0.5 0.5 1 1 0
1.66378 0.5 0.5 1 1 0
1.66278 0.5 0.5 1 1 0
1.66178 0.5 0.5 1 1 0
1.66078 0.5 0.5 1 1 0
1.65978 0.5 0.5 1 1 0
1.65878 0.5 0.5 1 1 0
1.65778 0.5 0.5 1 1 0
1.65678 0.5 0.5 1 1 0
1.65578 0.5 0.5 1 1 0
1.65478 0.5 0.5 1 1 0
1.65378 0.5 0.5 1 1 0
1.65278 0.5 0.5 1 1 0
1.65178 0.5 0.5 1 1 0
1.65078 0.5 0.5 1 1 0
1.64978 0.5 0.5 1 1 0
1.64878 0.5 0.5 1 1 0
1.64778 0.5 0.5 1 1 0
1.64678 0.5 0.5 1 1 0
1.64578 0.5 0.5 1 1 0
1.64478 0.5 0.5 1 1 0
1.64378 0.5 0.5 1 1 0
1.64278 0.5 0.5 1 1 0
1.64178 0.5 0.5 1 1 0
1.64078 0.5 0.5 1 1 0
1.63978 0.5 0.5 1 1 0
1.63878 0.5 0.5 1 1 0
1.63778 0.5 0.5 1 1 0
1.63678 0.5 0.5 1 1 0
1.63578 0.5 0.5 1 1 0
1.63478 0.5 0.5 1 1 0
1.63378 0.5 0.5 1 1 0
1.63278 0.5 0.5 1 1 0
1.63178 0.5 0.5 1 1 0
1.63078 0.5 0.5 1 1 0
1.62978 0.5 0.5 1 1 0
1.62878 0.5 0.5 1 1 0
1.62778 0.5 0.5 1 1 0
1.62678 0.5 0.5 1 1 0
1.62578 0.5 0.5 1 1 0
1.62478 0.5 0.5 1 1 0
1.62378 0.5 0.5 1 1 0
1.62278 0.5 0.5 1 1 0
1.62178 0.5 0.5 1 1 0
1.62078 0.5 0.5 1 1 0
1.61978 0.5 0.5 1 1 0
1.61878 0.5 0.5 1 1 0
1.61778 0.5 0.5 1 1 0
1.61678 0.5 0.5 1 1 0
1.61578 0.5 0.5 1 1 0
1.61478 0.5 0.5 1 1 0
1.61378 0.5 0.5 1 1 0
1.61278 0.5 0.5 1 1 0
1.61178 0.5 0.5 1 1 0
1.61078 0.5 0.5 1 1 0
1.60978 0.5 0.5 1 1 0
1.60878 0.5 0.5 1 1 0
1.60778 0.5 0.5 1 1 0
1.60678 0.5 0.5 1 1 0
1.60578 0.5 0.5 1 1 0
1.60478 0.5 0.5 1 1 0
1.60378 0.5 0.5 1 1 0
1.60278 0.5 0.5 1 1 0
1.60178 0.5 0.5 1 1 0
1.60078 0.5 0.5 1 1 0
1.59878 0.5 0.5 1 1 0
1.59778 0.5 0.5 1 1 0
1.59678 0.5 0.5 1 1 0
1.59578 0.5 0.5 1 1 0
1.59478 0.5 0.5 1 1 0
1.59378 0.5 0.5 1 1 0
1.59278 0.5 0.5 1 1 0
1.59178 0.5 0.5 1 1 0
1.59078 0.5 0.5 1 1 0
1.58978 0.5 0.5 1 1 0
1.58878 0.5 0.5 1 1 0
1.58778 0.5 0.5 1 1 0
1.58678 0.5 0.5 1 1 0
1.58578 0.5 0.5 1 1 0
1.58478 0.5 0.5 1 1 0
1.58378 0.5 0.5 1 1 0
1.58278 0.5 0.5 1 1 0
1.58178 0.5 0.5 1 1 0
1.58078 0.5 0.5 1 1 0
1.57978 0.5 0.5 1 1 0
1.57878 0.5 0.5 1 1 0
1.57778 0.5 0.5 1 1 0
1.57678 0.5 0.5 1 1 0
1.57578 0.5 0.5 1 1 0
1.57478 0.5 0.5 1 1 0
1.57378 0.5 0.5 1 1 0
1.57278 0.5 0.5 1 1 0
1.57178 0.5 0.5 1 1 0
1.57078 0.5 0.5 1 1 0
1.56978 0.5 0.5 1 1 0
1.56878 0.5 0.5 1 1 0
1.56778 0.5 0.5 1 1 0
1.56678 0.5 0.5 1 1 0
1.56578 0.5 0.5 1 1 0
1.56478 0.5 0.5 1 1 0
1.56378 0.5 0.5 1 1 0
1.56278 0.5 0.5 1 1 0
1.56178 0.5 0.5 1 1 0
1.56078 0.5 0.5 1 1 0
1.55978 0.5 0.5 1 1 0
1.55878 0.5 0.5 1 1 0
1.55778 0.5 0.5 1 1 0
1.55678 0.5 0.5 1 1 0
1.55578 0.5 0.5 1 1 0
1.55478 0.5 0.5 1 1 0
1.55378 0.5 0.5 1 1 0
1.55278 0.5 0.5 1 1 0
1.55178 0.5 0.5 1 1 0
1.55078 0.5 0.5 1 1 0
1.54978 0.5 0.5 1 1 0
1.54878 0.5 0.5 1 1 0
1.54778 0.5 0.5 1 1 0
1.54678 0.5 0.5 1 1 0
1.54578 0.5 0.5 1 1 0
1.54478 0.5 0.5 1 1 0
1.54378 0.5 0.5 1 1 0
1.54278 0.5 0.5 1 1 0
1.54178 0.5 0.5 1 1 0
1.54078 0.5 0.5 1 1 0
1.53978 0.5 0.5 1 1 0
1.53878 0.5 0.5 1 1 0
1.53778 0.5 0.5 1 1 0
1.53678 0.5 0.5 1 1 0
1.53578 0.5 0.5 1 1 0
1.53478 0.5 0.5 1 1 0
1.53378 0.5 0.5 1 1 0
1.53278 0.5 0.5 1 1 0
1.53178 0.5 0.5 1 1 0
1.53078 0.5 0.5 1 1 0
1.52978 0.5 0.5 1 1 0
1.52878 0.5 0.5 1 1 0
1.52778 0.5 0.5 1 1 0
1.52678 0.5 0.5 1 1 0
1.52578 0.5 0.5 1 1 0
1.52478 0.5 0.5 1 1 0
1.52378 0.5 0.5 1 1 0
1.52278 0.5 0.5 1 1 0
1.52178 0.5 0.5 1 1 0
1.52078 0.5 0.5 1 1 0
1.51978 0.5 0.5 1 1 0
1.51878 0.5 0.5 1 1 0
1.51778 0.5 0.5 1 1 0
1.51678 0.5 0.5 1 1 0
1.51578 0.5 0.5 1 1 0
1.51478 0.5 0.5 1 1 0
1.51378 0.5 0.5 1 1 0
1.51278 0.5 0.5 1 1 0
1.51178 0.5 0.5 1 1 0
1.51078 0.5 0.5 1 1 0
1.50978 0.5 0.5 1 1 0
1.50878 0.5 0.5 1 1 0
1.50778 0.5 0.5 1 1 0
1.50678 0.5 0.5 1 1 0
1.50578 0.5 0.5 1 1 0
1.50478 0.5 0.5 1 1 0
1.50378 0.5 0.5 1 1 0
1.50278 0.5 0.5 1 1 0
1.50178 0.5 0.5 1 1 0
1.50078 0.5 0.5 1 1 0
1.49978 0.5 0.5 1 1 0
1.49878 0.5 0.5 1 1 0
1.49778 0.5 0.5 1 1 0
1.49678 0.5 0.5 1 1 0
1.49578 0.5 0.5 1 1 0
1.49478 0.5 0.5 1 1 0
1.49378 0.5 0.5 1 1 0
1.49278 0.5 0.5 1 1 0
1.49178 0.5 0.5 1 1 0
1.49078 0.5 0.5 1 1 0
1.48978 0.5 0.5 1 1 0
1.48878 0.5 0.5 1 1 0
1.48778 0.5 0.5 1 1 0
1.48678 0.5 0.5 1 1 0
1.48578 0.5 0.5 1 1 0
1.48478 0.5 0.5 1 1 0
1.48378 0.5 0.5 1 1 0
1.48278 0.5 0.5 1 1 0
1.48178 0.5 0.5 1 1 0
1.48078 0.5 0.5 1 1 0
1.47978 0.5 0.5 1 1 0
1.47878 0.5 0.5 1 1 0
1.47778 0.5 0.5 1 1 0
1.47678 0.5 0.5 1 1 0
1.47578 0.5 0.5 1 1 0
1.47478 0.5 0.5 1 1 0
1.47378 0.5 0.5 1 1 0
1.47278 0.5 0.5 1 1 0
1.47178 0.5 0.5 1 1 0
1.47078 0.5 0.5 1 1 0
1.46978 0.5 0.5 1 1 0
1.46878 0.5 0.5 1 1 0
1.46778 0.5 0.5 1 1 0
1.46678 0.5 0.5 1 1 0
1.46578 0.5 0.5 1 1 0
1.46478 0.5 0.5 1 1 0
1.46378 0.5 0.5 1 1 0
1.46278 0.5 0.5 1 1 0
1.46178 0.5 0.5 1 1 0
1.46078 0.5 0.5 1 1 0
1.45978 0.5 0.5 1 1 0
1.45878 0.5 0.5 1 1 0
1.45778 0.5 0.5 1 1 0
1.45678 0.5 0.5 1 1 0
1.45578 0.5 0.5 1 1 0
1.45478 0.5 0.5 1 1 0
1.45378 0.5 0.5 1 1 0
1.45278 0.5 0.5 1 1 0
1.45178 0.5 0.5 1 1 0
1.45078 0.5 0.5 1 1 0
1.44978 0.5 0.5 1 1 0
1.44878 0.5 0.5 1 1 0
1.44778 0.5 0.5 1 1 0
1.44678 0.5 0.5 1 1 0
1.44578 0.5 0.5 1 1 0
1.44478 0.5 0.5 1 1 0
1.44378 0.5 0.5 1 1 0
1.44278 0.5 0.5 1 1 0
1.44178 0.5 0.5 1 1 0
1.44078 0.5 0.5 1 1 0
1.43978 0.5 0.5 1 1 0
1.43878 0.5 0.5 1 1 0
1.43778 0.5 0.5 1 1 0
1.43678 0.5 0.5 1 1 0
1.43578 0.5 0.5 1 1 0
1.43478 0.5 0.5 1 1 0
1.43378 0.5 0.5 1 1 0
1.43278 0.5 0.5 1 1 0
1.43178 0.5 0.5 1 1 0
1.43078 0.5 0.5 1 1 0
1.42978 0.5 0.5 1 1 0
1.42878 0.5 0.5 1 1 0
1.42778 0.5 0.5 1 1 0
1.42678 0.5 0.5 1 1 0
1.42578 0.5 0.5 1 1 0
1.42478 0.5 0.5 1 1 0
1.42378 0.5 0.5 1 1 0
1.42278 0.5 0.5 1 1 0
1.42178 0.5 0.5 1 1 0
1.42078 0.5 0.5 1 1 0
1.41978 0.5 0.5 1 1 0
1.41878 0.5 0.5 1 1 0
1.41778 0.5 0.5 1 1 0
1.41678 0.5 0.5 1 1 0
1.41578 0.5 0.5 1 1 0
1.41478 0.5 0.5 1 1 0
1.41378 0.5 0.5 1 1 0
1.41278 0.5 0.5 1 1 0
1.41178 0.5 0.5 1 1 0
1.41078 0.5 0.5 1 1 0
1.40978 0.5 0.5 1 1 0
1.40878 0.5 0.5 1 1 0
1.40778 0.5 0.5 1 1 0
1.40678 0.5 0.5 1 1 0
1.40578 0.5 0.5 1 1 0
1.40478 0.5 0.5 1 1 0
1.40378 0.5 0.5 1 1 0
1.40278 0.5 0.5 1 1 0
1.40178 0.5 0.5 1 1 0
1.40078 0.5 0.5 1 1 0
1.39878 0.5 0.5 1 1 0
1.39778 0.5 0.5 1 1 0
1.39678 0.5 0.5 1 1 0
1.39578 0.5 0.5 1 1 0
1.39478 0.5 0.5 1 1 0
1.39378 0.5 0.5 1 1 0
1.39278 0.5 0.5 1 1 0
1.39178 0.5 0.5 1 1 0
1.39078 0.5 0.5 1 1 0
1.38978 0.5 0.5 1 1 0
1.38878 0.5 0.5 1 1 0
1.38778 0.5 0.5 1 1 0
1.38678 0.5 0.5 1 1 0
1.38578 0.5 0.5 1 1 0
1.38478 0.5 0.5 1 1 0
1.38378 0.5 0.5 1 1 0
1.38278 0.5 0.5 1 1 0
1.38178 0.5 0.5 1 1 0
1.38078 0.5 0.5 1 1 0
1.37978 0.5 0.5 1 1 0
1.37878 0.5 0.5 1 1 0
1.37778 0.5 0.5 1 1 0
1.37678 0.5 0.5 1 1 0
1.37578 0.5 0.5 1 1 0
1.37478 0.5 0.5 1 1 0
1.37378 0.5 0.5 1 1 0
1.37278 0.5 0.5 1 1 0
1.37178 0.5 0.5 1 1 0
1.37078 0.5 0.5 1 1 0
1.36978 0.5 0.5 1 1 0
1.36878 0.5 0.5 1 1 0
1.36778 0.5 0.5 1 1 0
1.36678 0.5 0.5 1 1 0
1.36578 0.5 0.5 1 1 0
1.36478 0.5 0.5 1 1 0
1.36378 0.5 0.5 1 1 0
1.36278 0.5 0.5 1 1 0
1.36178 0.5 0.5 1 1 0
1.36078 0.5 0.5 1 1 0
1.35978 0.5 0.5 1 1 0
1.35878 0.5 0.5 1 1 0
1.35778 0.5 0.5 1 1 0
1.35678 0.5 0.5 1 1 0
1.35578 0.5 0.5 1 1 0
1.35478 0.5 0.5 1 1 0
1.35378 0.5 0.5 1 1 0
1.35278 0.5 0.5 1 1 0
1.35178 0.5 0.5 1 1 0
1.35078 0.5 0.5 1 1 0
1.34978 0.5 0.5 1 1 0
1.34878 0.5 0.5 1 1 0
1.34778 0.5 0.5 1 1 0
1.34678 0.5 0.5 1 1 0
1.34578 0.5 0.5 1 1 0
1.34478 0.5 0.5 1 1 0
1.34378 0.5 0.5 1 1 0
1.34278 0.5 0.5 1 1 0
1.34178 0.5 0.5 1 1 0
1.34078 0.5 0.5 1 1 0
1.33978 0.5 0.5 1 1 0
1.33878 0.5 0.5 1 1 0
1.33778 0.5 0.5 1 1 0
1.33678 0.5 0.5 1 1 0
1.33578 0.5 0.5 1 1 0
1.33478 0.5 0.5 1 1 0
1.33378 0.5 0.5 1 1 0
1.33278 0.5 0.5 1 1 0
1.33178 0.5 0.5 1 1 0
1.33078 0.5 0.5 1 1 0
1.32978 0.5 0.5 1 1 0
1.32878 0.5 0.5 1 1 0
1.32778 0.5 0.5 1 1 0
1.32678 0.5 0.5 1 1 0
1.32578 0.5 0.5 1 1 0
1.32478 0.5 0.5 1 1 0
1.32378 0.5 0.5 1 1 0
1.32278 0.5 0.5 1 1 0
1.32178 0.5 0.5 1 1 0
1.32078 0.5 0.5 1 1 0
1.31978 0.5 0.5 1 1 0
1.31878 0.5 0.5 1 1 0
1.31778 0.5 0.5 1 1 0
1.31678 0.5 0.5 1 1 0
1.31578 0.5 0.5 1 1 0
1.31478 0.5 0.5 1 1 0
1.31378 0.5 0.5 1 1 0
1.31278 0.5 0.5 1 1 0
1.31178 0.5 0.5 1 1 0
1.31078 0.5 0.5 1 1 0
1.30978 0.5 0.5 1 1 0
1.30878 0.5 0.5 1 1 0
1.30778 0.5 0.5 1 1 0
1.30678 0.5 0.5 1 1 0
1.30578 0.5 0.5 1 1 0
1.30478 0.5 0.5 1 1 0
1.30378 0.5 0.5 1 1 0
1.30278 0.5 0.5 1 1 0
1.30178 0.5 0.5 1 1 0
1.30078 0.5 0.5 1 1 0
1.29978 0.5 0.5 1 1 0
1.29878 0.5 0.5 1 1 0
1.29778 0.5 0.5 1 1 0
1.29678 0.5 0.5 1 1 0
1.29578 0.5 0.5 1 1 0
1.29478 0.5 0.5 1 1 0
1.29378 0.5 0.5 1 1 0
1.29278 0.5 0.5 1 1 0
1.29178 0.5 0.5 1 1 0
1.29078 0.5 0.5 1 1 0
1.28978 0.5 0.5 1 1 0
1.28878 0.5 0.5 1 1 0
1.28778 0.5 0.5 1 1 0
1.28678 0.5 0.5 1 1 0
1.28578 0.5 0.5 1 1 0
1.28478 0.5 0.5 1 1 0
1.28378 0.5 0.5 1 1 0
1.28278 0.5 0.5 1 1 0
1.28178 0.5 0.5 1 1 0
1.28078 0.5 0.5 1 1 0
1.27978 0.5 0.5 1 1 0
1.27878 0.5 0.5 1 1 0
1.27778 0.5 0.5 1 1 0
1.27678 0.5 0.5 1 1 0
1.27578 0.5 0.5 1 1 0
1.27478 0.5 0.5 1 1 0
1.27378 0.5 0.5 1 1 0
1.27278 0.5 0.5 1 1 0
1.27178 0.5 0.5 1 1 0
1.27078 0.5 0.5 1 1 0
1.26978 0.5 0.5 1 1 0
1.26878 0.5 0.5 1 1 0
1.26778 0.5 0.5 1 1 0
1.26678 0.5 0.5 1 1 0
1.26578 0.5 0.5 1 1 0
1.26478 0.5 0.5 1 1 0
1.26378 0.5 0.5 1 1 0
1.26278 0.5 0.5 1 1 0
1.26178 0.5 0.5 1 1 0
1.26078 0.5 0.5 1 1 0
1.25978 0.5 0.5 1 1 0
1.25878 0.5 0.5 1 1 0
1.25778 0.5 0.5 1 1 0
1.25678 0.5 0.5 1 1 0
1.25578 0.5 0.5 1 1 0
1.25478 0.5 0.5 1 1 0
1.25378 0.5 0.5 1 1 0
1.25278 0.5 0.5 1 1 0
1.25178 0.5 0.5 1 1 0
1.25078 0.5 0.5 1 1 0
1.24978 0.5 0.5 1 1 0
1.24878 0.5 0.5 1 1 0
1.24778 0.5 0.5 1 1 0
1.24678 0.5 0.5 1 1 0
1.24578 0.5 0.5 1 1 0
1.24478 0.5 0.5 1 1 0
1.24378 0.5 0.5 1 1 0
1.24278 0.5 0.5 1 1 0
1.24178 0.5 0.5 1 1 0
1.24078 0.5 0.5 1 1 0
1.23978 0.5 0.5 1 1 0
1.23878 0.5 0.5 1 1 0
1.23778 0.5 0.5 1 1 0
1.23678 0.5 0.5 1 1 0
1.23578 0.5 0.5 1 1 0
1.23478 0.5 0.5 1 1 0
1.23378 0.5 0.5 1 1 0
1.23278 0.5 0.5 1 1 0
1.23178 0.5 0.5 1 1 0
1.23078 0.5 0.5 1 1 0
1.22978 0.5 0.5 1 1 0
1.22878 0.5 0.5 1 1 0
1.22778 0.5 0.5 1 1 0
1.22678 0.5 0.5 1 1 0
1.22578 0.5 0.5 1 1 0
1.22478 0.5 0.5 1 1 0
1.22378 0.5 0.5 1 1 0
1.22278 0.5 0.5 1 1 0
1.22178 0.5 0.5 1 1 0
1.22078 0.5 0.5 1 1 0
1.21978 0.5 0.5 1 1 0
1.21878 0.5 0.5 1 1 0
1.21778 0.5 0.5 1 1 0
1.21678 0.5 0.5 1 1 0
1.21578 0.5 0.5 1 1 0
1.21478 0.5 0.5 1 1 0
1.21378 0.5 0.5 1 1 0
1.21278 0.5 0.5 1 1 0
1.21178 0.5 0.5 1 1 0
1.21078 0.5 0.5 1 1 0
1.20978 0.5 0.5 1 1 0
1.20878 0.5 0.5 1 1 0
1.20778 0.5 0.5 1 1 0
1.20678 0.5 0.5 1 1 0
1.20578 0.5 0.5 1 1 0
1.20478 0.5 0.5 1 1 0
1.20378 0.5 0.5 1 1 0
1.20278 0.5 0.5 1 1 0
1.20178 0.5 0.5 1 1 0
1.20078 0.5 0.5 1 1 0
1.19878 0.5 0.5 1 1 0
1.19778 0.5 0.5 1 1 0
1.19678 0.5 0.5 1 1 0
1.19578 0.5 0.5 1 1 0
1.19478 0.5 0.5 1 1 0
1.19378 0.5 0.5 1 1 0
1.19278 0.5 0.5 1 1 0
1.19178 0.5 0.5 1 1 0
1.19078 0.5 0.5 1 1 0
1.18978 0.5 0.5 1 1 0
1.18878 0.5 0.5 1 1 0
1.18778 0.5 0.5 1 1 0
1.18678 0.5 0.5 1 1 0
1.18578 0.5 0.5 1 1 0
1.18478 0.5 0.5 1 1 0
1.18378 0.5 0.5 1 1 0
1.18278 0.5 0.5 1 1 0
1.18178 0.5 0.5 1 1 0
1.18078 0.5 0.5 1 1 0
1.17978 0.5 0.5 1 1 0
1.17878 0.5 0.5 1 1 0
1.17778 0.5 0.5 1 1 0
1.17678 0.5 0.5 1 1 0
1.17578 0.5 0.5 1 1 0
1.17478 0.5 0.5 1 1 0
1.17378 0.5 0.5 1 1 0
1.17278 0.5 0.5 1 1 0
1.17178 0.5 0.5 1 1 0
1.17078 0.5 0.5 1 1 0
1.16978 0.5 0.5 1 1 0
1.16878 0.5 0.5 1 1 0
1.16778 0.5 0.5 1 1 0
1.16678 0.5 0.5 1 1 0
1.16578 0.5 0.5 1 1 0
1.16478 0.5 0.5 1 1 0
1.16378 0.5 0.5 1 1 0
1.16278 0.5 0.5 1 1 0
1.16178 0.5 0.5 1 1 0
1.16078 0.5 0.5 1 1 0
1.15978 0.5 0.5 1 1 0
1.15878 0.5 0.5 1 1 0
1.15778 0.5 0.5 1 1 0
1.15678 0.5 0.5 1 1 0
1.15578 0.5 0.5 1 1 0
1.15478 0.5 0.5 1 1 0
1.15378 0.5 0.5 1 1 0
1.15278 0.5 0.5 1 1 0
1.15178 0.5 0.5 1 1 0
1.15078 0.5 0.5 1 1 0
1.14978 0.5 0.5 1 1 0
1.14878 0.5 0.5 1 1 0
1.14778 0.5 0.5 1 1 0
1.14678 0.5 0.5 1 1 0
1.14578 0.5 0.5 1 1 0
1.14478 0.5 0.5 1 1 0
1.14378 0.5 0.5 1 1 0
1.14278 0.5 0.5 1 1 0
1.14178 0.5 0.5 1 1 0
1.14078 0.5 0.5 1 1 0
1.13978 0.5 0.5 1 1 0
1.13878 0.5 0.5 1 1 0
1.13778 0.5 0.5 1 1 0
1.13678 0.5 0.5 1 1 0
1.13578 0.5 0.5 1 1 0
1.13478 0.5 0.5 1 1 0
1.13378 0.5 0.5 1 1 0
1.13278 0.5 0.5 1 1 0
1.13178 0.5 0.5 1 1 0
1.13078 0.5 0.5 1 1 0
1.12978 0.5 0.5 1 1 0
1.12878 0.5 0.5 1 1 0
1.12778 0.5 0.5 1 1 0
1.12678 0.5 0.5 1 1 0
1.12578 0.5 0.5 1 1 0
1.12478 0.5 0.5 1 1 0
1.12378 0.5 0.5 1 1 0
1.12278 0.5 0.5 1 1 0
1.12178 0.5 0.5 1 1 0
1.12078 0.5 0.5 1 1 0
1.11978 0.5 0.5 1 1 0
1.11878 0.5 0.5 1 1 0
1.11778 0.5 0.5 1 1 0
1.11678 0.5 0.5 1 1 0
1.11578 0.5 0.5 1 1 0
1.11478 0.5 0.5 1 1 0
1.11378 0.5 0.5 1 1 0
1.11278 0.5 0.5 1 1 0
1.11178 0.5 0.5 1 1 0
1.11078 0.5 0.5 1 1 0
1.10978 0.5 0.5 1 1 0
1.10878 0.5 0.5 1 1 0
1.10778 0.5 0.5 1 1 0
1.10678 0.5 0.5 1 1 0
1.10578 0.5 0.5 1 1 0
1.10478 0.5 0.5 1 1 0
1.10378 0.5 0.5 1 1 0
1.10278 0.5 0.5 1 1 0
1.10178 0.5 0.5 1 1 0
1.10078 0.5 0.5 1 1 0
1.09978 0.5 0.5 1 1 0
1.09878 0.5 0.5 1 1 0
1.09778 0.5 0.5 1 1 0
1.09678 0.5 0.5 1 1 0
1.09578 0.5 0.5 1 1 0
1.09478 0.5 0.5 1 1 0
1.09378 0.5 0.5 1 1 0
1.09278 0.5 0.5 1 1 0
1.09178 0.5 0.5 1 1 0
1.09078 0.5 0.5 1 1 0
1.08978 0.5 0.5 1 1 0
1.08878 0.5 0.5 1 1 0
1.08778 0.5 0.5 1 1 0
1.08678 0.5 0.5 1 1 0
1.08578 0.5 0.5 1 1 0
1.08478 0.5 0.5 1 1 0
1.08378 0.5 0.5 1 1 0
1.08278 0.5 0.5 1 1 0
1.08178 0.5 0.5 1 1 0
1.08078 0.5 0.5 1 1 0
1.07978 0.5 0.5 1 1 0
1.07878 0.5 0.5 1 1 0
1.07778 0.5 0.5 1 1 0
1.07678 0.5 0.5 1 1 0
1.07578 0.5 0.5 1 1 0
1.07478 0.5 0.5 1 1 0
1.07378 0.5 0.5 1 1 0
1.07278 0.5 0.5 1 1 0
1.07178 0.5 0.5 1 1 0
1.07078 0.5 0.5 1 1 0
1.06978 0.5 0.5 1 1 0
1.06878 0.5 0.5 1 1 0
1.06778 0.5 0.5 1 1 0
1.06678 0.5 0.5 1 1 0
1.06578 0.5 0.5 1 1 0
1.06478 0.5 0.5 1 1 0
1.06378 0.5 0.5 1 1 0
1.06278 0.5 0.5 1 1 0
1.06178 0.5 0.5 1 1 0
1.06078 0.5 0.5 1 1 0
1.05978 0.5 0.5 1 1 0
1.05878 0.5 0.5 1 1 0
1.05778 0.5 0.5 1 1 0
1.05678 0.5 0.5 1 1 0
1.05578 0.5 0.5 1 1 0
1.05478 0.5 0.5 1 1 0
1.05378 0.5 0.5 1 1 0
1.05278 0.5 0.5 1 1 0
1.05178 0.5 0.5 1 1 0
1.05078 0.5 0.5 1 1 0
1.04978 0.5 0.5 1 1 0
1.04878 0.5 0.5 1 1 0
1.04778 0.5 0.5 1 1 0
1.04678 0.5 0.5 1 1 0
1.04578 0.5 0.5 1 1 0
1.04478 0.5 0.5 1 1 0
1.04378 0.5 0.5 1 1 0
1.04278 0.5 0.5 1 1 0
1.04178 0.5 0.5 1 1 0
1.04078 0.5 0.5 1 1 0
1.03978 0.5 0.5 1 1 0
1.03878 0.5 0.5 1 1 0
1.03778 0.5 0.5 1 1 0
1.03678 0.5 0.5 1 1 0
1.03578 0.5 0.5 1 1 0
1.03478 0.5 0.5 1 1 0
1.03378 0.5 0.5 1 1 0
1.03278 0.5 0.5 1 1 0
1.03178 0.5 0.5 1 1 0
1.03078 0.5 0.5 1 1 0
1.02978 0.5 0.5 1 1 0
1.02878 0.5 0.5 1 1 0
1.02778 0.5 0.5 1 1 0
1.02678 0.5 0.5 1 1 0
1.02578 0.5 0.5 1 1 0
1.02478 0.5 0.5 1 1 0
1.02378 0.5 0.5 1 1 0
1.02278 0.5 0.5 1 1 0
1.02178 0.5 0.5 1 1 0
1.02078 0.5 0.5 1 1 0
1.01978 0.5 0.5 1 1 0
1.00 0.5 0.5 1 1 0
