2.0 0.5 0.5 2 1 0
1.9967504 0.5 0.5 2 1 0
1.9935007 0.5 0.5 2 1 0
1.9902511 0.5 0.5 2 1 0
1.9870015 0.5 0.5 2 1 0
1.9837518 0.5 0.5 2 1 0
1.9805022 0.5 0.5 2 1 0
1.9772526 0.5 0.5 2 1 0
1.974003 0.5 0.5 2 1 0
1.9707533 0.5 0.5 2 1 0
1.9675037 0.5 0.5 2 1 0
1.9642541 0.5 0.5 2 1 0
1.9610044 0.5 0.5 2 1 0
1.9577548 0.5 0.5 2 1 0
1.9545052 0.5 0.5 2 1 0
1.9512555 0.5 0.5 2 1 0
1.9480059 0.5 0.5 2 1 0
1.9447563 0.5 0.5 2 1 0
1.9415067 0.5 0.5 2 1 0
1.938257 0.5 0.5 2 1 0
1.9350074 0.5 0.5 2 1 0
1.9317578 0.5 0.5 2 1 0
1.9285081 0.5 0.5 2 1 0
1.9252585 0.5 0.5 2 1 0
1.9220089 0.5 0.5 2 1 0
1.9187592 0.5 0.5 2 1 0
1.9155096 0.5 0.5 2 1 0
1.91226 0.5 0.5 2 1 0
1.9090104 0.5 0.5 2 1 0
1.9057607 0.5 0.5 2 1 0
1.9025111 0.5 0.5 2 1 0
1.8992615 0.5 0.5 2 1 0
1.8960118 0.5 0.5 2 1 0
1.8927622 0.5 0.5 2 1 0
1.8895126 0.5 0.5 2 1 0
1.8862629 0.5 0.5 2 1 0
1.8830133 0.5 0.5 2 1 0
1.8797637 0.5 0.5 2 1 0
1.8765141 0.5 0.5 2 1 0
1.8732644 0.5 0.5 2 1 0
1.8700148 0.5 0.5 2 1 0
1.8667652 0.5 0.5 2 1 0
1.8635155 0.5 0.5 2 1 0
1.8602659 0.5 0.5 2 1 0
1.8570163 0.5 0.5 2 1 0
1.8537666 0.5 0.5 2 1 0
1.850517 0.5 0.5 2 1 0
1.8472674 0.5 0.5 2 1 0
1.8440178 0.5 0.5 2 1 0
1.8407681 0.5 0.5 2 1 0
1.8375185 0.5 0.5 2 1 0
1.8342689 0.5 0.5 2 1 0
1.8310192 0.5 0.5 2 1 0
1.8277696 0.5 0.5 2 1 0
1.82452 0.5 0.5 2 1 0
1.8212703 0.5 0.5 2 1 0
1.8180207 0.5 0.5 2 1 0
1.8147711 0.5 0.5 2 1 0
1.8115215 0.5 0.5 2 1 0
1.8082718 0.5 0.5 2 1 0
1.8050222 0.5 0.5 2 1 0
1.8017726 0.5 0.5 2 1 0
1.7985229 0.5 0.5 2 1 0
1.7952733 0.5 0.5 2 1 0
1.7920237 0.5 0.5 2 1 0
1.788774 0.5 0.5 2 1 0
1.7855244 0.5 0.5 2 1 0
1.7822748 0.5 0.5 2 1 0
1.7790251 0.5 0.5 2 1 0
1.7757755 0.5 0.5 2 1 0
1.7725259 0.5 0.5 2 1 0
1.7692763 0.5 0.5 2 1 0
1.7660266 0.5 0.5 2 1 0
1.762777 0.5 0.5 2 1 0
1.7595274 0.5 0.5 2 1 0
1.7562777 0.5 0.5 2 1 0
1.7530281 0.5 0.5 2 1 0
1.7497785 0.5 0.5 2 1 0
1.7465288 0.5 0.5 2 1 0
1.7432792 0.5 0.5 2 1 0
1.7400296 0.5 0.5 2 1 0
1.73678 0.5 0.5 2 1 0
1.7335303 0.5 0.5 2 1 0
1.7302807 0.5 0.5 2 1 0
1.7270311 0.5 0.5 2 1 0
1.7237814 0.5 0.5 2 1 0
1.7205318 0.5 0.5 2 1 0
1.7172822 0.5 0.5 2 1 0
1.7140325 0.5 0.5 2 1 0
1.7107829 0.5 0.5 2 1 0
1.7075333 0.5 0.5 2 1 0
1.7042837 0.5 0.5 2 1 0
1.701034 0.5 0.5 2 1 0
1.6977844 0.5 0.5 2 1 0
1.6945348 0.5 0.5 2 1 0
1.6912851 0.5 0.5 2 1 0
1.6880355 0.5 0.5 2 1 0
1.6847859 0.5 0.5 2 1 0
1.6815362 0.5 0.5 2 1 0
1.6782866 0.5 0.5 2 1 0
1.675037 0.5 0.5 2 1 0
1.6717874 0.5 0.5 2 1 0
1.6685377 0.5 0.5 2 1 0
1.6652881 0.5 0.5 2 1 0
1.6620385 0.5 0.5 2 1 0
1.6587888 0.5 0.5 2 1 0
1.6555392 0.5 0.5 2 1 0
1.6522896 0.5 0.5 2 1 0
1.6490399 0.5 0.5 2 1 0
1.6457903 0.5 0.5 2 1 0
1.6425407 0.5 0.5 2 1 0
1.6392911 0.5 0.5 2 1 0
1.6360414 0.5 0.5 2 1 0
1.6327918 0.5 0.5 2 1 0
1.6295422 0.5 0.5 2 1 0
1.6262925 0.5 0.5 2 1 0
1.6230429 0.5 0.5 2 1 0
1.6197933 0.5 0.5 2 1 0
1.6165436 0.5 0.5 2 1 0
1.613294 0.5 0.5 2 1 0
1.6100444 0.5 0.5 2 1 0
1.6067948 0.5 0.5 2 1 0
1.6035451 0.5 0.5 2 1 0
1.6002955 0.5 0.5 2 1 0
1.5970459 0.5 0.5 2 1 0
1.5937962 0.5 0.5 2 1 0
1.5905466 0.5 0.5 2 1 0
1.587297 0.5 0.5 2 1 0
1.5840473 0.5 0.5 2 1 0
1.5807977 0.5 0.5 2 1 0
1.5775481 0.5 0.5 2 1 0
1.5742985 0.5 0.5 2 1 0
1.5710488 0.5 0.5 2 1 0
1.5677992 0.5 0.5 2 1 0
1.5645496 0.5 0.5 2 1 0
1.5612999 0.5 0.5 2 1 0
1.5580503 0.5 0.5 2 1 0
1.5548007 0.5 0.5 2 1 0
1.551551 0.5 0.5 2 1 0
1.5483014 0.5 0.5 2 1 0
1.5450518 0.5 0.5 2 1 0
1.5418021 0.5 0.5 2 1 0
1.5385525 0.5 0.5 2 1 0
1.5353029 0.5 0.5 2 1 0
1.5320533 0.5 0.5 2 1 0
1.5288036 0.5 0.5 2 1 0
1.525554 0.5 0.5 2 1 0
1.5223044 0.5 0.5 2 1 0
1.5190547 0.5 0.5 2 1 0
1.5158051 0.5 0.5 2 1 0
1.5125555 0.5 0.5 2 1 0
1.5093058 0.5 0.5 2 1 0
1.5060562 0.5 0.5 2 1 0
1.5028066 0.5 0.5 2 1 0
1.499557 0.5 0.5 2 1 0
1.4963073 0.5 0.5 2 1 0
1.4930577 0.5 0.5 2 1 0
1.4898081 0.5 0.5 2 1 0
1.4865584 0.5 0.5 2 1 0
1.4833088 0.5 0.5 2 1 0
1.4800592 0.5 0.5 2 1 0
1.4768095 0.5 0.5 2 1 0
1.4735599 0.5 0.5 2 1 0
1.4703103 0.5 0.5 2 1 0
1.4670607 0.5 0.5 2 1 0
1.463811 0.5 0.5 2 1 0
1.4605614 0.5 0.5 2 1 0
1.4573118 0.5 0.5 2 1 0
1.4540621 0.5 0.5 2 1 0
1.4508125 0.5 0.5 2 1 0
1.4475629 0.5 0.5 2 1 0
1.4443132 0.5 0.5 2 1 0
1.4410636 0.5 0.5 2 1 0
1.437814 0.5 0.5 2 1 0
1.4345644 0.5 0.5 2 1 0
1.4313147 0.5 0.5 2 1 0
1.4280651 0.5 0.5 2 1 0
1.4248155 0.5 0.5 2 1 0
1.4215658 0.5 0.5 2 1 0
1.4183162 0.5 0.5 2 1 0
1.4150666 0.5 0.5 2 1 0
1.4118169 0.5 0.5 2 1 0
1.4085673 0.5 0.5 2 1 0
1.4053177 0.5 0.5 2 1 0
1.4020681 0.5 0.5 2 1 0
1.3988184 0.5 0.5 2 1 0
1.3955688 0.5 0.5 2 1 0
1.3923192 0.5 0.5 2 1 0
1.3890695 0.5 0.5 2 1 0
1.3858199 0.5 0.5 2 1 0
1.3825703 0.5 0.5 2 1 0
1.3793206 0.5 0.5 2 1 0
1.376071 0.5 0.5 2 1 0
1.3728214 0.5 0.5 2 1 0
1.3695718 0.5 0.5 2 1 0
1.3663221 0.5 0.5 2 1 0
1.3630725 0.5 0.5 2 1 0
1.3598229 0.5 0.5 2 1 0
1.3565732 0.5 0.5 2 1 0
1.3533236 0.5 0.5 2 1 0
1.3533236 0.5 0.5 1 1 0
1.3520706 0.5 0.5 1 1 0
1.3508176 0.5 0.5 1 1 0
1.3495647 0.5 0.5 1 1 0
1.3483117 0.5 0.5 1 1 0
1.3470587 0.5 0.5 1 1 0
1.3458057 0.5 0.5 1 1 0
1.3445528 0.5 0.5 1 1 0
1.3432998 0.5 0.5 1 1 0
1.3420468 0.5 0.5 1 1 0
1.3407938 0.5 0.5 1 1 0
1.3395408 0.5 0.5 1 1 0
1.3382879 0.5 0.5 1 1 0
1.3370349 0.5 0.5 1 1 0
1.3357819 0.5 0.5 1 1 0
1.3345289 0.5 0.5 1 1 0
1.3332759 0.5 0.5 1 1 0
1.332023 0.5 0.5 1 1 0
1.33077 0.5 0.5 1 1 0
1.329517 0.5 0.5 1 1 0
1.328264 0.5 0.5 1 1 0
1.3270111 0.5 0.5 1 1 0
1.3257581 0.5 0.5 1 1 0
1.3245051 0.5 0.5 1 1 0
1.3232521 0.5 0.5 1 1 0
1.3219991 0.5 0.5 1 1 0
1.3207462 0.5 0.5 1 1 0
1.3194932 0.5 0.5 1 1 0
1.3182402 0.5 0.5 1 1 0
1.3169872 0.5 0.5 1 1 0
1.3157342 0.5 0.5 1 1 0
1.3144813 0.5 0.5 1 1 0
1.3132283 0.5 0.5 1 1 0
1.3119753 0.5 0.5 1 1 0
1.3107223 0.5 0.5 1 1 0
1.3094694 0.5 0.5 1 1 0
1.3082164 0.5 0.5 1 1 0
1.3069634 0.5 0.5 1 1 0
1.3057104 0.5 0.5 1 1 0
1.3044574 0.5 0.5 1 1 0
1.3032045 0.5 0.5 1 1 0
1.3019515 0.5 0.5 1 1 0
1.3006985 0.5 0.5 1 1 0
1.2994455 0.5 0.5 1 1 0
1.2981926 0.5 0.5 1 1 0
1.2969396 0.5 0.5 1 1 0
1.2956866 0.5 0.5 1 1 0
1.2944336 0.5 0.5 1 1 0
1.2931806 0.5 0.5 1 1 0
1.2919277 0.5 0.5 1 1 0
1.2906747 0.5 0.5 1 1 0
1.2894217 0.5 0.5 1 1 0
1.2881687 0.5 0.5 1 1 0
1.2869157 0.5 0.5 1 1 0
1.2856628 0.5 0.5 1 1 0
1.2844098 0.5 0.5 1 1 0
1.2831568 0.5 0.5 1 1 0
1.2819038 0.5 0.5 1 1 0
1.2806509 0.5 0.5 1 1 0
1.2793979 0.5 0.5 1 1 0
1.2781449 0.5 0.5 1 1 0
1.2768919 0.5 0.5 1 1 0
1.2756389 0.5 0.5 1 1 0
1.274386 0.5 0.5 1 1 0
1.273133 0.5 0.5 1 1 0
1.27188 0.5 0.5 1 1 0
1.270627 0.5 0.5 1 1 0
1.2693741 0.5 0.5 1 1 0
1.2681211 0.5 0.5 1 1 0
1.2668681 0.5 0.5 1 1 0
1.2656151 0.5 0.5 1 1 0
1.2643621 0.5 0.5 1 1 0
1.2631092 0.5 0.5 1 1 0
1.2618562 0.5 0.5 1 1 0
1.2606032 0.5 0.5 1 1 0
1.2593502 0.5 0.5 1 1 0
1.2580972 0.5 0.5 1 1 0
1.2568443 0.5 0.5 1 1 0
1.2555913 0.5 0.5 1 1 0
1.2543383 0.5 0.5 1 1 0
1.2530853 0.5 0.5 1 1 0
1.2518324 0.5 0.5 1 1 0
1.2505794 0.5 0.5 1 1 0
1.2493264 0.5 0.5 1 1 0
1.2480734 0.5 0.5 1 1 0
1.2468204 0.5 0.5 1 1 0
1.2455675 0.5 0.5 1 1 0
1.2443145 0.5 0.5 1 1 0
1.2430615 0.5 0.5 1 1 0
1.2418085 0.5 0.5 1 1 0
1.2405555 0.5 0.5 1 1 0
1.2393026 0.5 0.5 1 1 0
1.2380496 0.5 0.5 1 1 0
1.2367966 0.5 0.5 1 1 0
1.2355436 0.5 0.5 1 1 0
1.2342907 0.5 0.5 1 1 0
1.2330377 0.5 0.5 1 1 0
1.2317847 0.5 0.5 1 1 0
1.2305317 0.5 0.5 1 1 0
1.2292787 0.5 0.5 1 1 0
1.2280258 0.5 0.5 1 1 0
1.2267728 0.5 0.5 1 1 0
1.2255198 0.5 0.5 1 1 0
1.2242668 0.5 0.5 1 1 0
1.2230139 0.5 0.5 1 1 0
1.2217609 0.5 0.5 1 1 0
1.2205079 0.5 0.5 1 1 0
1.2192549 0.5 0.5 1 1 0
1.2180019 0.5 0.5 1 1 0
1.216749 0.5 0.5 1 1 0
1.215496 0.5 0.5 1 1 0
1.214243 0.5 0.5 1 1 0
1.21299 0.5 0.5 1 1 0
1.211737 0.5 0.5 1 1 0
1.2104841 0.5 0.5 1 1 0
1.2092311 0.5 0.5 1 1 0
1.2079781 0.5 0.5 1 1 0
1.2067251 0.5 0.5 1 1 0
1.2054722 0.5 0.5 1 1 0
1.2042192 0.5 0.5 1 1 0
1.2029662 0.5 0.5 1 1 0
1.2017132 0.5 0.5 1 1 0
1.2004602 0.5 0.5 1 1 0
1.1992073 0.5 0.5 1 1 0
1.1979543 0.5 0.5 1 1 0
1.1967013 0.5 0.5 1 1 0
1.1954483 0.5 0.5 1 1 0
1.1941954 0.5 0.5 1 1 0
1.1929424 0.5 0.5 1 1 0
1.1916894 0.5 0.5 1 1 0
1.1904364 0.5 0.5 1 1 0
1.1891834 0.5 0.5 1 1 0
1.1879305 0.5 0.5 1 1 0
1.1866775 0.5 0.5 1 1 0
1.1854245 0.5 0.5 1 1 0
1.1841715 0.5 0.5 1 1 0
1.1829185 0.5 0.5 1 1 0
1.1816656 0.5 0.5 1 1 0
1.1804126 0.5 0.5 1 1 0
1.1791596 0.5 0.5 1 1 0
1.1779066 0.5 0.5 1 1 0
1.1766537 0.5 0.5 1 1 0
1.1754007 0.5 0.5 1 1 0
1.1741477 0.5 0.5 1 1 0
1.1728947 0.5 0.5 1 1 0
1.1716417 0.5 0.5 1 1 0
1.1703888 0.5 0.5 1 1 0
1.1691358 0.5 0.5 1 1 0
1.1678828 0.5 0.5 1 1 0
1.1666298 0.5 0.5 1 1 0
1.1653768 0.5 0.5 1 1 0
1.1641239 0.5 0.5 1 1 0
1.1628709 0.5 0.5 1 1 0
1.1616179 0.5 0.5 1 1 0
1.1603649 0.5 0.5 1 1 0
1.159112 0.5 0.5 1 1 0
1.157859 0.5 0.5 1 1 0
1.156606 0.5 0.5 1 1 0
1.155353 0.5 0.5 1 1 0
1.1541 0.5 0.5 1 1 0
1.1528471 0.5 0.5 1 1 0
1.1515941 0.5 0.5 1 1 0
1.1503411 0.5 0.5 1 1 0
1.1490881 0.5 0.5 1 1 0
1.1478352 0.5 0.5 1 1 0
1.1465822 0.5 0.5 1 1 0
1.1453292 0.5 0.5 1 1 0
1.1440762 0.5 0.5 1 1 0
1.1428232 0.5 0.5 1 1 0
1.1415703 0.5 0.5 1 1 0
1.1403173 0.5 0.5 1 1 0
1.1390643 0.5 0.5 1 1 0
1.1378113 0.5 0.5 1 1 0
1.1365583 0.5 0.5 1 1 0
1.1353054 0.5 0.5 1 1 0
1.1340524 0.5 0.5 1 1 0
1.1327994 0.5 0.5 1 1 0
1.1315464 0.5 0.5 1 1 0
1.1302935 0.5 0.5 1 1 0
1.1290405 0.5 0.5 1 1 0
1.1277875 0.5 0.5 1 1 0
1.1265345 0.5 0.5 1 1 0
1.1252815 0.5 0.5 1 1 0
1.1240286 0.5 0.5 1 1 0
1.1227756 0.5 0.5 1 1 0
1.1215226 0.5 0.5 1 1 0
1.1202696 0.5 0.5 1 1 0
1.1190167 0.5 0.5 1 1 0
1.1177637 0.5 0.5 1 1 0
1.1165107 0.5 0.5 1 1 0
1.1152577 0.5 0.5 1 1 0
1.1140047 0.5 0.5 1 1 0
1.1127518 0.5 0.5 1 1 0
1.1114988 0.5 0.5 1 1 0
1.1102458 0.5 0.5 1 1 0
1.1089928 0.5 0.5 1 1 0
1.1077398 0.5 0.5 1 1 0
1.1064869 0.5 0.5 1 1 0
1.1052339 0.5 0.5 1 1 0
1.1039809 0.5 0.5 1 1 0
1.1039809 0.5 0.5 2 1 0
1.1034584 0.5 0.5 2 1 0
1.1029359 0.5 0.5 2 1 0
1.1024134 0.5 0.5 2 1 0
1.1018908 0.5 0.5 2 1 0
1.1013683 0.5 0.5 2 1 0
1.1008458 0.5 0.5 2 1 0
1.1003233 0.5 0.5 2 1 0
1.0998008 0.5 0.5 2 1 0
1.0992783 0.5 0.5 2 1 0
1.0987557 0.5 0.5 2 1 0
1.0982332 0.5 0.5 2 1 0
1.0977107 0.5 0.5 2 1 0
1.0971882 0.5 0.5 2 1 0
1.0966657 0.5 0.5 2 1 0
1.0961432 0.5 0.5 2 1 0
1.0956206 0.5 0.5 2 1 0
1.0950981 0.5 0.5 2 1 0
1.0945756 0.5 0.5 2 1 0
1.0940531 0.5 0.5 2 1 0
1.0935306 0.5 0.5 2 1 0
1.0930081 0.5 0.5 2 1 0
1.0924855 0.5 0.5 2 1 0
1.091963 0.5 0.5 2 1 0
1.0914405 0.5 0.5 2 1 0
1.090918 0.5 0.5 2 1 0
1.0903955 0.5 0.5 2 1 0
1.0898729 0.5 0.5 2 1 0
1.0893504 0.5 0.5 2 1 0
1.0888279 0.5 0.5 2 1 0
1.0883054 0.5 0.5 2 1 0
1.0877829 0.5 0.5 2 1 0
1.0872604 0.5 0.5 2 1 0
1.0867378 0.5 0.5 2 1 0
1.0862153 0.5 0.5 2 1 0
1.0856928 0.5 0.5 2 1 0
1.0851703 0.5 0.5 2 1 0
1.0846478 0.5 0.5 2 1 0
1.0841253 0.5 0.5 2 1 0
1.0836027 0.5 0.5 2 1 0
1.0830802 0.5 0.5 2 1 0
1.0825577 0.5 0.5 2 1 0
1.0820352 0.5 0.5 2 1 0
1.0815127 0.5 0.5 2 1 0
1.0809902 0.5 0.5 2 1 0
1.0804676 0.5 0.5 2 1 0
1.0799451 0.5 0.5 2 1 0
1.0794226 0.5 0.5 2 1 0
1.0789001 0.5 0.5 2 1 0
1.0783776 0.5 0.5 2 1 0
1.0778551 0.5 0.5 2 1 0
1.0773325 0.5 0.5 2 1 0
1.07681 0.5 0.5 2 1 0
1.0762875 0.5 0.5 2 1 0
1.075765 0.5 0.5 2 1 0
1.0752425 0.5 0.5 2 1 0
1.07472 0.5 0.5 2 1 0
1.0741974 0.5 0.5 2 1 0
1.0736749 0.5 0.5 2 1 0
1.0731524 0.5 0.5 2 1 0
1.0726299 0.5 0.5 2 1 0
1.0721074 0.5 0.5 2 1 0
1.0715848 0.5 0.5 2 1 0
1.0710623 0.5 0.5 2 1 0
1.0705398 0.5 0.5 2 1 0
1.0700173 0.5 0.5 2 1 0
1.0694948 0.5 0.5 2 1 0
1.0689723 0.5 0.5 2 1 0
1.0684497 0.5 0.5 2 1 0
1.0679272 0.5 0.5 2 1 0
1.0674047 0.5 0.5 2 1 0
1.0668822 0.5 0.5 2 1 0
1.0663597 0.5 0.5 2 1 0
1.0658372 0.5 0.5 2 1 0
1.0653146 0.5 0.5 2 1 0
1.0647921 0.5 0.5 2 1 0
1.0642696 0.5 0.5 2 1 0
1.0637471 0.5 0.5 2 1 0
1.0632246 0.5 0.5 2 1 0
1.0627021 0.5 0.5 2 1 0
1.0621795 0.5 0.5 2 1 0
1.061657 0.5 0.5 2 1 0
1.0611345 0.5 0.5 2 1 0
1.060612 0.5 0.5 2 1 0
1.0600895 0.5 0.5 2 1 0
1.059567 0.5 0.5 2 1 0
1.0590444 0.5 0.5 2 1 0
1.0585219 0.5 0.5 2 1 0
1.0579994 0.5 0.5 2 1 0
1.0574769 0.5 0.5 2 1 0
1.0569544 0.5 0.5 2 1 0
1.0564319 0.5 0.5 2 1 0
1.0559093 0.5 0.5 2 1 0
1.0553868 0.5 0.5 2 1 0
1.0548643 0.5 0.5 2 1 0
1.0543418 0.5 0.5 2 1 0
1.0538193 0.5 0.5 2 1 0
1.0532967 0.5 0.5 2 1 0
1.0527742 0.5 0.5 2 1 0
1.0522517 0.5 0.5 2 1 0
1.0517292 0.5 0.5 2 1 0
1.0512067 0.5 0.5 2 1 0
1.0506842 0.5 0.5 2 1 0
1.0501616 0.5 0.5 2 1 0
1.0496391 0.5 0.5 2 1 0
1.0491166 0.5 0.5 2 1 0
1.0485941 0.5 0.5 2 1 0
1.0480716 0.5 0.5 2 1 0
1.0475491 0.5 0.5 2 1 0
1.0470265 0.5 0.5 2 1 0
1.046504 0.5 0.5 2 1 0
1.0459815 0.5 0.5 2 1 0
1.045459 0.5 0.5 2 1 0
1.0449365 0.5 0.5 2 1 0
1.044414 0.5 0.5 2 1 0
1.0438914 0.5 0.5 2 1 0
1.0433689 0.5 0.5 2 1 0
1.0428464 0.5 0.5 2 1 0
1.0423239 0.5 0.5 2 1 0
1.0418014 0.5 0.5 2 1 0
1.0412789 0.5 0.5 2 1 0
1.0407563 0.5 0.5 2 1 0
1.0402338 0.5 0.5 2 1 0
1.0397113 0.5 0.5 2 1 0
1.0391888 0.5 0.5 2 1 0
1.0386663 0.5 0.5 2 1 0
1.0381438 0.5 0.5 2 1 0
1.0376212 0.5 0.5 2 1 0
1.0370987 0.5 0.5 2 1 0
1.0365762 0.5 0.5 2 1 0
1.0360537 0.5 0.5 2 1 0
1.0355312 0.5 0.5 2 1 0
1.0350086 0.5 0.5 2 1 0
1.0344861 0.5 0.5 2 1 0
1.0339636 0.5 0.5 2 1 0
1.0334411 0.5 0.5 2 1 0
1.0329186 0.5 0.5 2 1 0
1.0323961 0.5 0.5 2 1 0
1.0318735 0.5 0.5 2 1 0
1.031351 0.5 0.5 2 1 0
1.0308285 0.5 0.5 2 1 0
1.030306 0.5 0.5 2 1 0
1.0297835 0.5 0.5 2 1 0
1.029261 0.5 0.5 2 1 0
1.0287384 0.5 0.5 2 1 0
1.0282159 0.5 0.5 2 1 0
1.0276934 0.5 0.5 2 1 0
1.0271709 0.5 0.5 2 1 0
1.0266484 0.5 0.5 2 1 0
1.0261259 0.5 0.5 2 1 0
1.0256033 0.5 0.5 2 1 0
1.0250808 0.5 0.5 2 1 0
1.0245583 0.5 0.5 2 1 0
1.0240358 0.5 0.5 2 1 0
1.0235133 0.5 0.5 2 1 0
1.0229908 0.5 0.5 2 1 0
1.0224682 0.5 0.5 2 1 0
1.0219457 0.5 0.5 2 1 0
1.0214232 0.5 0.5 2 1 0
1.0209007 0.5 0.5 2 1 0
1.0203782 0.5 0.5 2 1 0
1.0198557 0.5 0.5 2 1 0
1.0193331 0.5 0.5 2 1 0
1.0188106 0.5 0.5 2 1 0
1.0182881 0.5 0.5 2 1 0
1.0177656 0.5 0.5 2 1 0
1.0172431 0.5 0.5 2 1 0
1.0167205 0.5 0.5 2 1 0
1.016198 0.5 0.5 2 1 0
1.0156755 0.5 0.5 2 1 0
1.015153 0.5 0.5 2 1 0
1.0146305 0.5 0.5 2 1 0
1.014108 0.5 0.5 2 1 0
1.0135854 0.5 0.5 2 1 0
1.0130629 0.5 0.5 2 1 0
1.0125404 0.5 0.5 2 1 0
1.0120179 0.5 0.5 2 1 0
1.0114954 0.5 0.5 2 1 0
1.0109729 0.5 0.5 2 1 0
1.0104503 0.5 0.5 2 1 0
1.0099278 0.5 0.5 2 1 0
1.0094053 0.5 0.5 2 1 0
1.0088828 0.5 0.5 2 1 0
1.0083603 0.5 0.5 2 1 0
1.0078378 0.5 0.5 2 1 0
1.0073152 0.5 0.5 2 1 0
1.0067927 0.5 0.5 2 1 0
1.0062702 0.5 0.5 2 1 0
1.0057477 0.5 0.5 2 1 0
1.0052252 0.5 0.5 2 1 0
1.0047027 0.5 0.5 2 1 0
1.0041801 0.5 0.5 2 1 0
1.0036576 0.5 0.5 2 1 0
1.0031351 0.5 0.5 2 1 0
1.0026126 0.5 0.5 2 1 0
1.0020901 0.5 0.5 2 1 0
1.0015676 0.5 0.5 2 1 0
1.001045 0.5 0.5 2 1 0
1.0005225 0.5 0.5 2 1 0
1.0 0.5 0.5 2 1 0
1.3533236 0.5 0.5 2 2 0
1.3533236 0.507798 0.507798 2 2 0
1.3524266 0.5259335 0.5259335 2 2 0
1.3515297 0.5356942 0.5356942 2 2 0
1.3506328 0.5432057 0.5432057 2 2 0
1.3497359 0.5494927 0.5494927 2 2 0
1.348839 0.5550902 0.5550902 2 2 0
1.3479421 0.5607562 0.5607562 2 2 0
1.3470451 0.5658691 0.5658691 2 2 0
1.3461482 0.5705412 0.5705412 2 2 0
1.3452513 0.5748648 0.5748648 2 2 0
1.3443544 0.5788898 0.5788898 2 2 0
1.3434575 0.5826594 0.5826594 2 2 0
1.3425606 0.5862129 0.5862129 2 2 0
1.3416637 0.5895706 0.5895706 2 2 0
1.3407667 0.5927583 0.5927583 2 2 0
1.3398698 0.59579 0.59579 2 2 0
1.3389729 0.5990686 0.5990686 2 2 0
1.338076 0.6022554 0.6022554 2 2 0
1.3371791 0.6053026 0.6053026 2 2 0
1.3362822 0.6082213 0.6082213 2 2 0
1.3353852 0.6110224 0.6110224 2 2 0
1.3344883 0.6137086 0.6137086 2 2 0
1.3335914 0.6162946 0.6162946 2 2 0
1.3326945 0.6187853 0.6187853 2 2 0
1.3317976 0.6211856 0.6211856 2 2 0
1.3309007 0.6234998 0.6234998 2 2 0
1.3300037 0.6260545 0.6260545 2 2 0
1.3291068 0.6285418 0.6285418 2 2 0
1.3282099 0.6309506 0.6309506 2 2 0
1.327313 0.6332764 0.6332764 2 2 0
1.3264161 0.6355289 0.6355289 2 2 0
1.3255192 0.6377114 0.6377114 2 2 0
1.3246222 0.6398264 0.6398264 2 2 0
1.3237253 0.6418765 0.6418765 2 2 0
1.3228284 0.6438643 0.6438643 2 2 0
1.3219315 0.6458842 0.6458842 2 2 0
1.3210346 0.6480365 0.6480365 2 2 0
1.3201377 0.6501252 0.6501252 2 2 0
1.3192408 0.6521549 0.6521549 2 2 0
1.3183438 0.6541279 0.6541279 2 2 0
1.3174469 0.6560463 0.6560463 2 2 0
1.31655 0.6579108 0.6579108 2 2 0
1.3156531 0.6597233 0.6597233 2 2 0
1.3147562 0.6614871 0.6614871 2 2 0
1.3138593 0.6632108 0.6632108 2 2 0
1.3129623 0.6651239 0.6651239 2 2 0
1.3120654 0.6669884 0.6669884 2 2 0
1.3111685 0.6688023 0.6688023 2 2 0
1.3102716 0.67057 0.67057 2 2 0
1.3093747 0.6722936 0.6722936 2 2 0
1.3084778 0.6739745 0.6739745 2 2 0
1.3075808 0.6756092 0.6756092 2 2 0
1.3066839 0.677205 0.677205 2 2 0
1.305787 0.6787645 0.6787645 2 2 0
1.3048901 0.6804937 0.6804937 2 2 0
1.3039932 0.6821829 0.6821829 2 2 0
1.3030963 0.6838303 0.6838303 2 2 0
1.3021993 0.685437 0.685437 2 2 0
1.3013024 0.6870079 0.6870079 2 2 0
1.3004055 0.6885369 0.6885369 2 2 0
1.2995086 0.6900329 0.6900329 2 2 0
1.2986117 0.6914893 0.6914893 2 2 0
1.2977148 0.6929729 0.6929729 2 2 0
1.2968179 0.6945519 0.6945519 2 2 0
1.2959209 0.6960975 0.6960975 2 2 0
1.295024 0.697605 0.697605 2 2 0
1.2941271 0.6990803 0.6990803 2 2 0
1.2932302 0.7005188 0.7005188 2 2 0
1.2923333 0.7019269 0.7019269 2 2 0
1.2914364 0.7032998 0.7032998 2 2 0
1.2905394 0.7046419 0.7046419 2 2 0
1.2896425 0.7061042 0.7061042 2 2 0
1.2887456 0.7075566 0.7075566 2 2 0
1.2878487 0.7089797 0.7089797 2 2 0
1.2869518 0.7103677 0.7103677 2 2 0
1.2860549 0.7117266 0.7117266 2 2 0
1.2851579 0.713056 0.713056 2 2 0
1.284261 0.7143531 0.7143531 2 2 0
1.2833641 0.7156221 0.7156221 2 2 0
1.2824672 0.7169725 0.7169725 2 2 0
1.2815703 0.7183426 0.7183426 2 2 0
1.2806734 0.7196848 0.7196848 2 2 0
1.2797764 0.7209994 0.7209994 2 2 0
1.2788795 0.7222823 0.7222823 2 2 0
1.2779826 0.7235384 0.7235384 2 2 0
1.2770857 0.7247677 0.7247677 2 2 0
1.2761888 0.7259705 0.7259705 2 2 0
1.2752919 0.7272544 0.7272544 2 2 0
1.274395 0.7285502 0.7285502 2 2 0
1.273498 0.7298197 0.7298197 2 2 0
1.2726011 0.7310622 0.7310622 2 2 0
1.2717042 0.7322767 0.7322767 2 2 0
1.2708073 0.7334657 0.7334657 2 2 0
1.2699104 0.7346295 0.7346295 2 2 0
1.2690135 0.7357753 0.7357753 2 2 0
1.2681165 0.7370275 0.7370275 2 2 0
1.2672196 0.738252 0.738252 2 2 0
1.2663227 0.7394517 0.7394517 2 2 0
1.2654258 0.7406269 0.7406269 2 2 0
1.2645289 0.7417778 0.7417778 2 2 0
1.263632 0.7429044 0.7429044 2 2 0
1.262735 0.744007 0.744007 2 2 0
1.2618381 0.7451602 0.7451602 2 2 0
1.2609412 0.7463426 0.7463426 2 2 0
1.2600443 0.7475013 0.7475013 2 2 0
1.2591474 0.7486366 0.7486366 2 2 0
1.2582505 0.7497485 0.7497485 2 2 0
1.2573535 0.7508373 0.7508373 2 2 0
1.2564566 0.7519032 0.7519032 2 2 0
1.2555597 0.752989 0.752989 2 2 0
1.2546628 0.7541292 0.7541292 2 2 0
1.2537659 0.7552466 0.7552466 2 2 0
1.252869 0.7563416 0.7563416 2 2 0
1.2519721 0.7574144 0.7574144 2 2 0
1.2510751 0.7584652 0.7584652 2 2 0
1.2501782 0.7594941 0.7594941 2 2 0
1.2492813 0.7605386 0.7605386 2 2 0
1.2483844 0.7616378 0.7616378 2 2 0
1.2474875 0.7627151 0.7627151 2 2 0
1.2465906 0.7637708 0.7637708 2 2 0
1.2456936 0.7648051 0.7648051 2 2 0
1.2447967 0.7658182 0.7658182 2 2 0
1.2438998 0.7668103 0.7668103 2 2 0
1.2430029 0.7678364 0.7678364 2 2 0
1.242106 0.7688941 0.7688941 2 2 0
1.2412091 0.7699308 0.7699308 2 2 0
1.2403121 0.7709467 0.7709467 2 2 0
1.2394152 0.771942 0.771942 2 2 0
1.2385183 0.772917 0.772917 2 2 0
1.2376214 0.7738723 0.7738723 2 2 0
1.2367245 0.7748973 0.7748973 2 2 0
1.2358276 0.7759133 0.7759133 2 2 0
1.2349306 0.7769092 0.7769092 2 2 0
1.2340337 0.7778852 0.7778852 2 2 0
1.2331368 0.7788415 0.7788415 2 2 0
1.2322399 0.7797784 0.7797784 2 2 0
1.231343 0.7807406 0.7807406 2 2 0
1.2304461 0.7817345 0.7817345 2 2 0
1.2295492 0.7827091 0.7827091 2 2 0
1.2286522 0.7836644 0.7836644 2 2 0
1.2277553 0.7846007 0.7846007 2 2 0
1.2268584 0.7855183 0.7855183 2 2 0
1.2259615 0.7864377 0.7864377 2 2 0
1.2250646 0.7874082 0.7874082 2 2 0
1.2241677 0.7883603 0.7883603 2 2 0
1.2232707 0.7892938 0.7892938 2 2 0
1.2223738 0.7902091 0.7902091 2 2 0
1.2214769 0.7911063 0.7911063 2 2 0
1.22058 0.791999 0.791999 2 2 0
1.2196831 0.7929452 0.7929452 2 2 0
1.2187862 0.7938731 0.7938731 2 2 0
1.2178892 0.794783 0.794783 2 2 0
1.2169923 0.7956751 0.7956751 2 2 0
1.2160954 0.7965496 0.7965496 2 2 0
1.2151985 0.7974286 0.7974286 2 2 0
1.2143016 0.7983495 0.7983495 2 2 0
1.2134047 0.7992533 0.7992533 2 2 0
1.2125077 0.8001397 0.8001397 2 2 0
1.2116108 0.8010091 0.8010091 2 2 0
1.2107139 0.80186 0.80186 2 2 0
1.209817 0.8027355 0.8027355 2 2 0
1.2089201 0.8036303 0.8036303 2 2 0
1.2080232 0.8045081 0.8045081 2 2 0
1.2071263 0.8053692 0.8053692 2 2 0
1.2062293 0.8062136 0.8062136 2 2 0
1.2053324 0.8070417 0.8070417 2 2 0
1.2044355 0.8079239 0.8079239 2 2 0
1.2035386 0.8087914 0.8087914 2 2 0
1.2026417 0.8096425 0.8096425 2 2 0
1.2017448 0.8104774 0.8104774 2 2 0
1.2008478 0.8112962 0.8112962 2 2 0
1.1999509 0.8121383 0.8121383 2 2 0
1.199054 0.8129956 0.8129956 2 2 0
1.1981571 0.8138353 0.8138353 2 2 0
1.1972602 0.8146591 0.8146591 2 2 0
1.1963633 0.8154673 0.8154673 2 2 0
1.1954663 0.8162798 0.8162798 2 2 0
1.1945694 0.8171239 0.8171239 2 2 0
1.1936725 0.8179524 0.8179524 2 2 0
1.1927756 0.818764 0.818764 2 2 0
1.1918787 0.8195603 0.8195603 2 2 0
1.1909818 0.8203527 0.8203527 2 2 0
1.1900848 0.8211826 0.8211826 2 2 0
1.1891879 0.8219979 0.8219979 2 2 0
1.188291 0.8227961 0.8227961 2 2 0
1.1873941 0.8235793 0.8235793 2 2 0
1.1864972 0.8243596 0.8243596 2 2 0
1.1856003 0.8251744 0.8251744 2 2 0
1.1847034 0.8259748 0.8259748 2 2 0
1.1838064 0.8267585 0.8267585 2 2 0
1.1829095 0.8275277 0.8275277 2 2 0
1.1820126 0.8283027 0.8283027 2 2 0
1.1811157 0.8291017 0.8291017 2 2 0
1.1802188 0.8298856 0.8298856 2 2 0
1.1793219 0.830654 0.830654 2 2 0
1.1784249 0.8314084 0.8314084 2 2 0
1.177528 0.8321836 0.8321836 2 2 0
1.1766311 0.8329658 0.8329658 2 2 0
1.1757342 0.8337321 0.8337321 2 2 0
1.1748373 0.8344845 0.8344845 2 2 0
1.1739404 0.835225 0.835225 2 2 0
1.1730434 0.8360034 0.8360034 2 2 0
1.1721465 0.8367664 0.8367664 2 2 0
1.1712496 0.8375156 0.8375156 2 2 0
1.1703527 0.8382514 0.8382514 2 2 0
1.1694558 0.8390022 0.8390022 2 2 0
1.1685589 0.8397606 0.8397606 2 2 0
1.1676619 0.8405055 0.8405055 2 2 0
1.166765 0.8412372 0.8412372 2 2 0
1.1658681 0.841965 0.841965 2 2 0
1.1649712 0.8427177 0.8427177 2 2 0
1.1640743 0.8434572 0.8434572 2 2 0
1.1631774 0.8441837 0.8441837 2 2 0
1.1622805 0.8448967 0.8448967 2 2 0
1.1613835 0.84564 0.84564 2 2 0
1.1604866 0.8463731 0.8463731 2 2 0
1.1595897 0.8470935 0.8470935 2 2 0
1.1586928 0.8477998 0.8477998 2 2 0
1.1577959 0.8485294 0.8485294 2 2 0
1.156899 0.8492553 0.8492553 2 2 0
1.156002 0.8499683 0.8499683 2 2 0
1.1551051 0.850667 0.850667 2 2 0
1.1542082 0.8513875 0.8513875 2 2 0
1.1533113 0.852105 0.852105 2 2 0
1.1524144 0.8528087 0.8528087 2 2 0
1.1515175 0.8534998 0.8534998 2 2 0
1.1506205 0.8542149 0.8542149 2 2 0
1.1497236 0.8549227 0.8549227 2 2 0
1.1488267 0.8556167 0.8556167 2 2 0
1.1479298 0.8563018 0.8563018 2 2 0
1.1470329 0.8570122 0.8570122 2 2 0
1.146136 0.8577086 0.8577086 2 2 0
1.145239 0.8583932 0.8583932 2 2 0
1.1443421 0.8590796 0.8590796 2 2 0
1.1434452 0.8597779 0.8597779 2 2 0
1.1425483 0.8604641 0.8604641 2 2 0
1.1416514 0.8611389 0.8611389 2 2 0
1.1407545 0.8618273 0.8618273 2 2 0
1.1398576 0.8625141 0.8625141 2 2 0
1.1389606 0.8631896 0.8631896 2 2 0
1.1380637 0.8638589999999999 0.8638589999999999 2 2 0
1.1371668 0.8645454 0.8645454 2 2 0
1.1362699 0.8652208 0.8652208 2 2 0
1.135373 0.8658844 0.8658844 2 2 0
1.1344761 0.86656 0.86656 2 2 0
1.1335791 0.8672343 0.8672343 2 2 0
1.1326822 0.8678971 0.8678971 2 2 0
1.1317853 0.8685594 0.8685594 2 2 0
1.1308884 0.8692317 0.8692317 2 2 0
1.1299915 0.8698928 0.8698928 2 2 0
1.1290946 0.8705444 0.8705444 2 2 0
1.1281976 0.8712142 0.8712142 2 2 0
1.1273007 0.8718728 0.8718728 2 2 0
1.1264038 0.8725196 0.8725196 2 2 0
1.1255069 0.8731827 0.8731827 2 2 0
1.12461 0.8738381 0.8738381 2 2 0
1.1237131 0.8744821 0.8744821 2 2 0
1.1228161 0.875138 0.875138 2 2 0
1.1219192 0.8757895 0.8757895 2 2 0
1.1210223 0.8764301 0.8764301 2 2 0
1.1201254 0.8770807 0.8770807 2 2 0
1.1192285 0.8777277 0.8777277 2 2 0
1.1183316 0.8783642 0.8783642 2 2 0
1.1174347 0.8790111 0.8790111 2 2 0
1.1165377 0.8796531 0.8796531 2 2 0
1.1156408 0.8802851 0.8802851 2 2 0
1.1147439 0.8809292 0.8809292 2 2 0
1.113847 0.8815661 0.8815661 2 2 0
1.1129501 0.8821938 0.8821938 2 2 0
1.1120532 0.8828355 0.8828355 2 2 0
1.1111562 0.8834668 0.8834668 2 2 0
1.1102593 0.8840948 0.8840948 2 2 0
1.1093624 0.8847301 0.8847301 2 2 0
1.1084655 0.8853552 0.8853552 2 2 0
1.1075686 0.8859843000000001 0.8859843000000001 2 2 0
1.1066717 0.8866128 0.8866128 2 2 0
1.1057747 0.8872315 0.8872315 2 2 0
1.1048778 0.887862 0.887862 2 2 0
1.1039809 0.8884835 0.8884835 2 2 0
1.3533236 0.5 0.5 2 2 0
1.3533236 0.492202 0.492202 2 2 0
1.3524266 0.4740665 0.4740665 2 2 0
1.3515297 0.4643058 0.4643058 2 2 0
1.3506328 0.4567943 0.4567943 2 2 0
1.3497359 0.4505073 0.4505073 2 2 0
1.348839 0.4449098 0.4449098 2 2 0
1.3479421 0.4392438 0.4392438 2 2 0
1.3470451 0.4341309 0.4341309 2 2 0
1.3461482 0.4294588 0.4294588 2 2 0
1.3452513 0.4251352 0.4251352 2 2 0
1.3443544 0.4211102 0.4211102 2 2 0
1.3434575 0.4173406 0.4173406 2 2 0
1.3425606 0.4137871 0.4137871 2 2 0
1.3416637 0.4104294 0.4104294 2 2 0
1.3407667 0.4072417 0.4072417 2 2 0
1.3398698 0.40421 0.40421 2 2 0
1.3389729 0.4009314 0.4009314 2 2 0
1.338076 0.3977446 0.3977446 2 2 0
1.3371791 0.3946974 0.3946974 2 2 0
1.3362822 0.3917787 0.3917787 2 2 0
1.3353852 0.3889776 0.3889776 2 2 0
1.3344883 0.3862914 0.3862914 2 2 0
1.3335914 0.3837054 0.3837054 2 2 0
1.3326945 0.3812147 0.3812147 2 2 0
1.3317976 0.3788144 0.3788144 2 2 0
1.3309007 0.3765002 0.3765002 2 2 0
1.3300037 0.3739455 0.3739455 2 2 0
1.3291068 0.3714582 0.3714582 2 2 0
1.3282099 0.3690494 0.3690494 2 2 0
1.327313 0.3667236 0.3667236 2 2 0
1.3264161 0.3644711 0.3644711 2 2 0
1.3255192 0.3622886 0.3622886 2 2 0
1.3246222 0.3601736 0.3601736 2 2 0
1.3237253 0.3581235 0.3581235 2 2 0
1.3228284 0.3561357 0.3561357 2 2 0
1.3219315 0.3541158 0.3541158 2 2 0
1.3210346 0.3519635 0.3519635 2 2 0
1.3201377 0.3498748 0.3498748 2 2 0
1.3192408 0.3478451 0.3478451 2 2 0
1.3183438 0.3458721 0.3458721 2 2 0
1.3174469 0.3439537 0.3439537 2 2 0
1.31655 0.3420892 0.3420892 2 2 0
1.3156531 0.3402767 0.3402767 2 2 0
1.3147562 0.3385129 0.3385129 2 2 0
1.3138593 0.3367892 0.3367892 2 2 0
1.3129623 0.3348761 0.3348761 2 2 0
1.3120654 0.3330116 0.3330116 2 2 0
1.3111685 0.3311977 0.3311977 2 2 0
1.3102716 0.32943 0.32943 2 2 0
1.3093747 0.3277064 0.3277064 2 2 0
1.3084778 0.3260255 0.3260255 2 2 0
1.3075808 0.3243908 0.3243908 2 2 0
1.3066839 0.322795 0.322795 2 2 0
1.305787 0.3212355 0.3212355 2 2 0
1.3048901 0.3195063 0.3195063 2 2 0
1.3039932 0.3178171 0.3178171 2 2 0
1.3030963 0.3161697 0.3161697 2 2 0
1.3021993 0.314563 0.314563 2 2 0
1.3013024 0.3129921 0.3129921 2 2 0
1.3004055 0.3114631 0.3114631 2 2 0
1.2995086 0.3099671 0.3099671 2 2 0
1.2986117 0.3085107 0.3085107 2 2 0
1.2977148 0.3070271 0.3070271 2 2 0
1.2968179 0.3054481 0.3054481 2 2 0
1.2959209 0.3039025 0.3039025 2 2 0
1.295024 0.302395 0.302395 2 2 0
1.2941271 0.3009197 0.3009197 2 2 0
1.2932302 0.2994812 0.2994812 2 2 0
1.2923333 0.2980731 0.2980731 2 2 0
1.2914364 0.2967002 0.2967002 2 2 0
1.2905394 0.2953581 0.2953581 2 2 0
1.2896425 0.2938958 0.2938958 2 2 0
1.2887456 0.2924434 0.2924434 2 2 0
1.2878487 0.2910203 0.2910203 2 2 0
1.2869518 0.2896323 0.2896323 2 2 0
1.2860549 0.2882734 0.2882734 2 2 0
1.2851579 0.286944 0.286944 2 2 0
1.284261 0.2856469 0.2856469 2 2 0
1.2833641 0.2843779 0.2843779 2 2 0
1.2824672 0.2830275 0.2830275 2 2 0
1.2815703 0.2816574 0.2816574 2 2 0
1.2806734 0.2803152 0.2803152 2 2 0
1.2797764 0.2790006 0.2790006 2 2 0
1.2788795 0.2777177 0.2777177 2 2 0
1.2779826 0.2764616 0.2764616 2 2 0
1.2770857 0.2752323 0.2752323 2 2 0
1.2761888 0.2740295 0.2740295 2 2 0
1.2752919 0.2727456 0.2727456 2 2 0
1.274395 0.2714498 0.2714498 2 2 0
1.273498 0.2701803 0.2701803 2 2 0
1.2726011 0.2689378 0.2689378 2 2 0
1.2717042 0.2677233 0.2677233 2 2 0
1.2708073 0.2665343 0.2665343 2 2 0
1.2699104 0.2653705 0.2653705 2 2 0
1.2690135 0.2642247 0.2642247 2 2 0
1.2681165 0.2629725 0.2629725 2 2 0
1.2672196 0.261748 0.261748 2 2 0
1.2663227 0.2605483 0.2605483 2 2 0
1.2654258 0.2593731 0.2593731 2 2 0
1.2645289 0.2582222 0.2582222 2 2 0
1.263632 0.2570956 0.2570956 2 2 0
1.262735 0.255993 0.255993 2 2 0
1.2618381 0.2548398 0.2548398 2 2 0
1.2609412 0.2536574 0.2536574 2 2 0
1.2600443 0.2524987 0.2524987 2 2 0
1.2591474 0.2513634 0.2513634 2 2 0
1.2582505 0.2502515 0.2502515 2 2 0
1.2573535 0.2491627 0.2491627 2 2 0
1.2564566 0.2480968 0.2480968 2 2 0
1.2555597 0.247011 0.247011 2 2 0
1.2546628 0.2458708 0.2458708 2 2 0
1.2537659 0.2447534 0.2447534 2 2 0
1.252869 0.2436584 0.2436584 2 2 0
1.2519721 0.2425856 0.2425856 2 2 0
1.2510751 0.2415348 0.2415348 2 2 0
1.2501782 0.2405059 0.2405059 2 2 0
1.2492813 0.2394614 0.2394614 2 2 0
1.2483844 0.2383622 0.2383622 2 2 0
1.2474875 0.2372849 0.2372849 2 2 0
1.2465906 0.2362292 0.2362292 2 2 0
1.2456936 0.2351949 0.2351949 2 2 0
1.2447967 0.2341818 0.2341818 2 2 0
1.2438998 0.2331897 0.2331897 2 2 0
1.2430029 0.2321636 0.2321636 2 2 0
1.242106 0.2311059 0.2311059 2 2 0
1.2412091 0.2300692 0.2300692 2 2 0
1.2403121 0.2290533 0.2290533 2 2 0
1.2394152 0.228058 0.228058 2 2 0
1.2385183 0.227083 0.227083 2 2 0
1.2376214 0.2261277 0.2261277 2 2 0
1.2367245 0.2251027 0.2251027 2 2 0
1.2358276 0.2240867 0.2240867 2 2 0
1.2349306 0.2230908 0.2230908 2 2 0
1.2340337 0.2221148 0.2221148 2 2 0
1.2331368 0.2211585 0.2211585 2 2 0
1.2322399 0.2202216 0.2202216 2 2 0
1.231343 0.2192594 0.2192594 2 2 0
1.2304461 0.2182655 0.2182655 2 2 0
1.2295492 0.2172909 0.2172909 2 2 0
1.2286522 0.2163356 0.2163356 2 2 0
1.2277553 0.2153993 0.2153993 2 2 0
1.2268584 0.2144817 0.2144817 2 2 0
1.2259615 0.2135623 0.2135623 2 2 0
1.2250646 0.2125918 0.2125918 2 2 0
1.2241677 0.2116397 0.2116397 2 2 0
1.2232707 0.2107062 0.2107062 2 2 0
1.2223738 0.2097909 0.2097909 2 2 0
1.2214769 0.2088937 0.2088937 2 2 0
1.22058 0.208001 0.208001 2 2 0
1.2196831 0.2070548 0.2070548 2 2 0
1.2187862 0.2061269 0.2061269 2 2 0
1.2178892 0.205217 0.205217 2 2 0
1.2169923 0.2043249 0.2043249 2 2 0
1.2160954 0.2034504 0.2034504 2 2 0
1.2151985 0.2025714 0.2025714 2 2 0
1.2143016 0.2016505 0.2016505 2 2 0
1.2134047 0.2007467 0.2007467 2 2 0
1.2125077 0.1998603 0.1998603 2 2 0
1.2116108 0.1989909 0.1989909 2 2 0
1.2107139 0.19814 0.19814 2 2 0
1.209817 0.1972645 0.1972645 2 2 0
1.2089201 0.1963697 0.1963697 2 2 0
1.2080232 0.1954919 0.1954919 2 2 0
1.2071263 0.1946308 0.1946308 2 2 0
1.2062293 0.1937864 0.1937864 2 2 0
1.2053324 0.1929583 0.1929583 2 2 0
1.2044355 0.1920761 0.1920761 2 2 0
1.2035386 0.1912086 0.1912086 2 2 0
1.2026417 0.1903575 0.1903575 2 2 0
1.2017448 0.1895226 0.1895226 2 2 0
1.2008478 0.1887038 0.1887038 2 2 0
1.1999509 0.1878617 0.1878617 2 2 0
1.199054 0.1870044 0.1870044 2 2 0
1.1981571 0.1861647 0.1861647 2 2 0
1.1972602 0.1853409 0.1853409 2 2 0
1.1963633 0.1845327 0.1845327 2 2 0
1.1954663 0.1837202 0.1837202 2 2 0
1.1945694 0.1828761 0.1828761 2 2 0
1.1936725 0.1820476 0.1820476 2 2 0
1.1927756 0.181236 0.181236 2 2 0
1.1918787 0.1804397 0.1804397 2 2 0
1.1909818 0.1796473 0.1796473 2 2 0
1.1900848 0.1788174 0.1788174 2 2 0
1.1891879 0.1780021 0.1780021 2 2 0
1.188291 0.1772039 0.1772039 2 2 0
1.1873941 0.1764207 0.1764207 2 2 0
1.1864972 0.1756404 0.1756404 2 2 0
1.1856003 0.1748256 0.1748256 2 2 0
1.1847034 0.1740252 0.1740252 2 2 0
1.1838064 0.1732415 0.1732415 2 2 0
1.1829095 0.1724723 0.1724723 2 2 0
1.1820126 0.1716973 0.1716973 2 2 0
1.1811157 0.1708983 0.1708983 2 2 0
1.1802188 0.1701144 0.1701144 2 2 0
1.1793219 0.169346 0.169346 2 2 0
1.1784249 0.1685916 0.1685916 2 2 0
1.177528 0.1678164 0.1678164 2 2 0
1.1766311 0.1670342 0.1670342 2 2 0
1.1757342 0.1662679 0.1662679 2 2 0
1.1748373 0.1655155 0.1655155 2 2 0
1.1739404 0.164775 0.164775 2 2 0
1.1730434 0.1639966 0.1639966 2 2 0
1.1721465 0.1632336 0.1632336 2 2 0
1.1712496 0.1624844 0.1624844 2 2 0
1.1703527 0.1617486 0.1617486 2 2 0
1.1694558 0.1609978 0.1609978 2 2 0
1.1685589 0.1602394 0.1602394 2 2 0
1.1676619 0.1594945 0.1594945 2 2 0
1.166765 0.1587628 0.1587628 2 2 0
1.1658681 0.158035 0.158035 2 2 0
1.1649712 0.1572823 0.1572823 2 2 0
1.1640743 0.1565428 0.1565428 2 2 0
1.1631774 0.1558163 0.1558163 2 2 0
1.1622805 0.1551033 0.1551033 2 2 0
1.1613835 0.15436 0.15436 2 2 0
1.1604866 0.1536269 0.1536269 2 2 0
1.1595897 0.1529065 0.1529065 2 2 0
1.1586928 0.1522002 0.1522002 2 2 0
1.1577959 0.1514706 0.1514706 2 2 0
1.156899 0.1507447 0.1507447 2 2 0
1.156002 0.1500317 0.1500317 2 2 0
1.1551051 0.149333 0.149333 2 2 0
1.1542082 0.1486125 0.1486125 2 2 0
1.1533113 0.147895 0.147895 2 2 0
1.1524144 0.1471913 0.1471913 2 2 0
1.1515175 0.1465002 0.1465002 2 2 0
1.1506205 0.1457851 0.1457851 2 2 0
1.1497236 0.1450773 0.1450773 2 2 0
1.1488267 0.1443833 0.1443833 2 2 0
1.1479298 0.1436982 0.1436982 2 2 0
1.1470329 0.1429878 0.1429878 2 2 0
1.146136 0.1422914 0.1422914 2 2 0
1.145239 0.1416068 0.1416068 2 2 0
1.1443421 0.1409204 0.1409204 2 2 0
1.1434452 0.1402221 0.1402221 2 2 0
1.1425483 0.1395359 0.1395359 2 2 0
1.1416514 0.1388611 0.1388611 2 2 0
1.1407545 0.1381727 0.1381727 2 2 0
1.1398576 0.1374859 0.1374859 2 2 0
1.1389606 0.1368104 0.1368104 2 2 0
1.1380637 0.136141 0.136141 2 2 0
1.1371668 0.1354546 0.1354546 2 2 0
1.1362699 0.1347792 0.1347792 2 2 0
1.135373 0.1341156 0.1341156 2 2 0
1.1344761 0.13344 0.13344 2 2 0
1.1335791 0.1327657 0.1327657 2 2 0
1.1326822 0.1321029 0.1321029 2 2 0
1.1317853 0.1314406 0.1314406 2 2 0
1.1308884 0.1307683 0.1307683 2 2 0
1.1299915 0.1301072 0.1301072 2 2 0
1.1290946 0.1294556 0.1294556 2 2 0
1.1281976 0.1287858 0.1287858 2 2 0
1.1273007 0.1281272 0.1281272 2 2 0
1.1264038 0.1274804 0.1274804 2 2 0
1.1255069 0.1268173 0.1268173 2 2 0
1.12461 0.1261619 0.1261619 2 2 0
1.1237131 0.1255179 0.1255179 2 2 0
1.1228161 0.124862 0.124862 2 2 0
1.1219192 0.1242105 0.1242105 2 2 0
1.1210223 0.1235699 0.1235699 2 2 0
1.1201254 0.1229193 0.1229193 2 2 0
1.1192285 0.1222723 0.1222723 2 2 0
1.1183316 0.1216358 0.1216358 2 2 0
1.1174347 0.1209889 0.1209889 2 2 0
1.1165377 0.1203469 0.1203469 2 2 0
1.1156408 0.1197149 0.1197149 2 2 0
1.1147439 0.1190708 0.1190708 2 2 0
1.113847 0.1184339 0.1184339 2 2 0
1.1129501 0.1178062 0.1178062 2 2 0
1.1120532 0.1171645 0.1171645 2 2 0
1.1111562 0.1165332 0.1165332 2 2 0
1.1102593 0.1159052 0.1159052 2 2 0
1.1093624 0.1152699 0.1152699 2 2 0
1.1084655 0.1146448 0.1146448 2 2 0
1.1075686 0.1140157 0.1140157 2 2 0
1.1066717 0.1133872 0.1133872 2 2 0
1.1057747 0.1127685 0.1127685 2 2 0
1.1048778 0.112138 0.112138 2 2 0
1.1039809 0.1115165 0.1115165 2 2 0
