2.0 0.5 0.5 2 1 0
1.9965434 0.5 0.5 2 1 0
1.9930868 0.5 0.5 2 1 0
1.9896302 0.5 0.5 2 1 0
1.9861736 0.5 0.5 2 1 0
1.982717 0.5 0.5 2 1 0
1.9792604 0.5 0.5 2 1 0
1.9758038 0.5 0.5 2 1 0
1.9723472 0.5 0.5 2 1 0
1.9688906 0.5 0.5 2 1 0
1.965434 0.5 0.5 2 1 0
1.9619774 0.5 0.5 2 1 0
1.9585208 0.5 0.5 2 1 0
1.9550642 0.5 0.5 2 1 0
1.9516076 0.5 0.5 2 1 0
1.948151 0.5 0.5 2 1 0
1.9446944 0.5 0.5 2 1 0
1.9412378 0.5 0.5 2 1 0
1.9377812 0.5 0.5 2 1 0
1.9343246 0.5 0.5 2 1 0
1.930868 0.5 0.5 2 1 0
1.9274114 0.5 0.5 2 1 0
1.9239548 0.5 0.5 2 1 0
1.9204982 0.5 0.5 2 1 0
1.9170416 0.5 0.5 2 1 0
1.913585 0.5 0.5 2 1 0
1.9101284 0.5 0.5 2 1 0
1.9066718 0.5 0.5 2 1 0
1.9032152 0.5 0.5 2 1 0
1.8997586 0.5 0.5 2 1 0
1.896302 0.5 0.5 2 1 0
1.8928454 0.5 0.5 2 1 0
1.8893888 0.5 0.5 2 1 0
1.8859322 0.5 0.5 2 1 0
1.8824756 0.5 0.5 2 1 0
1.879019 0.5 0.5 2 1 0
1.8755624 0.5 0.5 2 1 0
1.8721058 0.5 0.5 2 1 0
1.8686492 0.5 0.5 2 1 0
1.8651926 0.5 0.5 2 1 0
1.861736 0.5 0.5 2 1 0
1.8582794 0.5 0.5 2 1 0
1.8548228 0.5 0.5 2 1 0
1.8513662 0.5 0.5 2 1 0
1.8479096 0.5 0.5 2 1 0
1.844453 0.5 0.5 2 1 0
1.8409964 0.5 0.5 2 1 0
1.8375398 0.5 0.5 2 1 0
1.8340832 0.5 0.5 2 1 0
1.8306266 0.5 0.5 2 1 0
1.82717 0.5 0.5 2 1 0
1.8237134 0.5 0.5 2 1 0
1.8202568 0.5 0.5 2 1 0
1.8168002 0.5 0.5 2 1 0
1.8133436 0.5 0.5 2 1 0
1.809887 0.5 0.5 2 1 0
1.8064304 0.5 0.5 2 1 0
1.8029738 0.5 0.5 2 1 0
1.7995172 0.5 0.5 2 1 0
1.7960606 0.5 0.5 2 1 0
1.792604 0.5 0.5 2 1 0
1.7891474 0.5 0.5 2 1 0
1.7856908 0.5 0.5 2 1 0
1.7822342 0.5 0.5 2 1 0
1.7787776 0.5 0.5 2 1 0
1.775321 0.5 0.5 2 1 0
1.7718644 0.5 0.5 2 1 0
1.7684078 0.5 0.5 2 1 0
1.7649512 0.5 0.5 2 1 0
1.7614946 0.5 0.5 2 1 0
1.758038 0.5 0.5 2 1 0
1.7545814 0.5 0.5 2 1 0
1.7511248 0.5 0.5 2 1 0
1.7476682 0.5 0.5 2 1 0
1.7442116 0.5 0.5 2 1 0
1.740755 0.5 0.5 2 1 0
1.7372984 0.5 0.5 2 1 0
1.7338418 0.5 0.5 2 1 0
1.7303852 0.5 0.5 2 1 0
1.7269286 0.5 0.5 2 1 0
1.723472 0.5 0.5 2 1 0
1.7200154 0.5 0.5 2 1 0
1.7165588 0.5 0.5 2 1 0
1.7131022 0.5 0.5 2 1 0
1.7096456 0.5 0.5 2 1 0
1.706189 0.5 0.5 2 1 0
1.7027324 0.5 0.5 2 1 0
1.6992758 0.5 0.5 2 1 0
1.6958192 0.5 0.5 2 1 0
1.6923626 0.5 0.5 2 1 0
1.688906 0.5 0.5 2 1 0
1.6854494 0.5 0.5 2 1 0
1.6819928 0.5 0.5 2 1 0
1.6785362 0.5 0.5 2 1 0
1.6750796 0.5 0.5 2 1 0
1.671623 0.5 0.5 2 1 0
1.6681664 0.5 0.5 2 1 0
1.6647098 0.5 0.5 2 1 0
1.6612532 0.5 0.5 2 1 0
1.6577966 0.5 0.5 2 1 0
1.65434 0.5 0.5 2 1 0
1.6508834 0.5 0.5 2 1 0
1.6474268 0.5 0.5 2 1 0
1.6439702 0.5 0.5 2 1 0
1.6405136 0.5 0.5 2 1 0
1.637057 0.5 0.5 2 1 0
1.6336004 0.5 0.5 2 1 0
1.6301438 0.5 0.5 2 1 0
1.6266872 0.5 0.5 2 1 0
1.6232306 0.5 0.5 2 1 0
1.619774 0.5 0.5 2 1 0
1.6163174 0.5 0.5 2 1 0
1.6128608 0.5 0.5 2 1 0
1.6094042 0.5 0.5 2 1 0
1.6059476 0.5 0.5 2 1 0
1.602491 0.5 0.5 2 1 0
1.5990344 0.5 0.5 2 1 0
1.5955778 0.5 0.5 2 1 0
1.5921212 0.5 0.5 2 1 0
1.5886646 0.5 0.5 2 1 0
1.585208 0.5 0.5 2 1 0
1.5817514 0.5 0.5 2 1 0
1.5782948 0.5 0.5 2 1 0
1.5748382 0.5 0.5 2 1 0
1.5713816 0.5 0.5 2 1 0
1.567925 0.5 0.5 2 1 0
1.5644684 0.5 0.5 2 1 0
1.5610118 0.5 0.5 2 1 0
1.5575552 0.5 0.5 2 1 0
1.5540986 0.5 0.5 2 1 0
1.550642 0.5 0.5 2 1 0
1.5471854 0.5 0.5 2 1 0
1.5437288 0.5 0.5 2 1 0
1.5402722 0.5 0.5 2 1 0
1.5368156 0.5 0.5 2 1 0
1.533359 0.5 0.5 2 1 0
1.5299024 0.5 0.5 2 1 0
1.5264458 0.5 0.5 2 1 0
1.5229892 0.5 0.5 2 1 0
1.5195326 0.5 0.5 2 1 0
1.516076 0.5 0.5 2 1 0
1.5126194 0.5 0.5 2 1 0
1.5091628 0.5 0.5 2 1 0
1.5057062 0.5 0.5 2 1 0
1.5022496 0.5 0.5 2 1 0
1.498793 0.5 0.5 2 1 0
1.4953364 0.5 0.5 2 1 0
1.4918798 0.5 0.5 2 1 0
1.4884232 0.5 0.5 2 1 0
1.4849666 0.5 0.5 2 1 0
1.48151 0.5 0.5 2 1 0
1.4780534 0.5 0.5 2 1 0
1.4745968 0.5 0.5 2 1 0
1.4711402 0.5 0.5 2 1 0
1.4676836 0.5 0.5 2 1 0
1.464227 0.5 0.5 2 1 0
1.4607704 0.5 0.5 2 1 0
1.4573138 0.5 0.5 2 1 0
1.4538572 0.5 0.5 2 1 0
1.4504006 0.5 0.5 2 1 0
1.446944 0.5 0.5 2 1 0
1.4434874 0.5 0.5 2 1 0
1.4400308 0.5 0.5 2 1 0
1.4365742 0.5 0.5 2 1 0
1.4331176 0.5 0.5 2 1 0
1.429661 0.5 0.5 2 1 0
1.4262044 0.5 0.5 2 1 0
1.4227478 0.5 0.5 2 1 0
1.4192912 0.5 0.5 2 1 0
1.4158346 0.5 0.5 2 1 0
1.412378 0.5 0.5 2 1 0
1.4089214 0.5 0.5 2 1 0
1.4054648 0.5 0.5 2 1 0
1.4020082 0.5 0.5 2 1 0
1.3985516 0.5 0.5 2 1 0
1.395095 0.5 0.5 2 1 0
1.3916384 0.5 0.5 2 1 0
1.3881818 0.5 0.5 2 1 0
1.3847252 0.5 0.5 2 1 0
1.3812686 0.5 0.5 2 1 0
1.377812 0.5 0.5 2 1 0
1.3743554 0.5 0.5 2 1 0
1.3708988 0.5 0.5 2 1 0
1.3674422 0.5 0.5 2 1 0
1.3639856 0.5 0.5 2 1 0
1.360529 0.5 0.5 2 1 0
1.3570724 0.5 0.5 2 1 0
1.3536158 0.5 0.5 2 1 0
1.3501592 0.5 0.5 2 1 0
1.3467026 0.5 0.5 2 1 0
1.343246 0.5 0.5 2 1 0
1.3397894 0.5 0.5 2 1 0
1.3363328 0.5 0.5 2 1 0
1.3328762 0.5 0.5 2 1 0
1.3294196 0.5 0.5 2 1 0
1.325963 0.5 0.5 2 1 0
1.3225064 0.5 0.5 2 1 0
1.3190498 0.5 0.5 2 1 0
1.3155932 0.5 0.5 2 1 0
1.3121366 0.5 0.5 2 1 0
1.3121366 0.5 0.5 1 1 0
1.3107365 0.5 0.5 1 1 0
1.3093363 0.5 0.5 1 1 0
1.3079362 0.5 0.5 1 1 0
1.306536 0.5 0.5 1 1 0
1.3051359 0.5 0.5 1 1 0
1.3037357 0.5 0.5 1 1 0
1.3023356 0.5 0.5 1 1 0
1.3009355 0.5 0.5 1 1 0
1.2995353 0.5 0.5 1 1 0
1.2981352 0.5 0.5 1 1 0
1.296735 0.5 0.5 1 1 0
1.2953349 0.5 0.5 1 1 0
1.2939348 0.5 0.5 1 1 0
1.2925346 0.5 0.5 1 1 0
1.2911345 0.5 0.5 1 1 0
1.2897343 0.5 0.5 1 1 0
1.2883342 0.5 0.5 1 1 0
1.286934 0.5 0.5 1 1 0
1.2855339 0.5 0.5 1 1 0
1.2841338 0.5 0.5 1 1 0
1.2827336 0.5 0.5 1 1 0
1.2813335 0.5 0.5 1 1 0
1.2799333 0.5 0.5 1 1 0
1.2785332 0.5 0.5 1 1 0
1.2771331 0.5 0.5 1 1 0
1.2757329 0.5 0.5 1 1 0
1.2743328 0.5 0.5 1 1 0
1.2729326 0.5 0.5 1 1 0
1.2715325 0.5 0.5 1 1 0
1.2701323 0.5 0.5 1 1 0
1.2687322 0.5 0.5 1 1 0
1.2673321 0.5 0.5 1 1 0
1.2659319 0.5 0.5 1 1 0
1.2645318 0.5 0.5 1 1 0
1.2631316 0.5 0.5 1 1 0
1.2617315 0.5 0.5 1 1 0
1.2603314 0.5 0.5 1 1 0
1.2589312 0.5 0.5 1 1 0
1.2575311 0.5 0.5 1 1 0
1.2561309 0.5 0.5 1 1 0
1.2547308 0.5 0.5 1 1 0
1.2533306 0.5 0.5 1 1 0
1.2519305 0.5 0.5 1 1 0
1.2505304 0.5 0.5 1 1 0
1.2491302 0.5 0.5 1 1 0
1.2477301 0.5 0.5 1 1 0
1.2463299 0.5 0.5 1 1 0
1.2449298 0.5 0.5 1 1 0
1.2435296 0.5 0.5 1 1 0
1.2421295 0.5 0.5 1 1 0
1.2407294 0.5 0.5 1 1 0
1.2393292 0.5 0.5 1 1 0
1.2379291 0.5 0.5 1 1 0
1.2365289 0.5 0.5 1 1 0
1.2351288 0.5 0.5 1 1 0
1.2337287 0.5 0.5 1 1 0
1.2323285 0.5 0.5 1 1 0
1.2309284 0.5 0.5 1 1 0
1.2295282 0.5 0.5 1 1 0
1.2281281 0.5 0.5 1 1 0
1.2267279 0.5 0.5 1 1 0
1.2253278 0.5 0.5 1 1 0
1.2239277 0.5 0.5 1 1 0
1.2225275 0.5 0.5 1 1 0
1.2211274 0.5 0.5 1 1 0
1.2197272 0.5 0.5 1 1 0
1.2183271 0.5 0.5 1 1 0
1.216927 0.5 0.5 1 1 0
1.2155268 0.5 0.5 1 1 0
1.2141267 0.5 0.5 1 1 0
1.2127265 0.5 0.5 1 1 0
1.2113264 0.5 0.5 1 1 0
1.2099262 0.5 0.5 1 1 0
1.2085261 0.5 0.5 1 1 0
1.207126 0.5 0.5 1 1 0
1.2057258 0.5 0.5 1 1 0
1.2043257 0.5 0.5 1 1 0
1.2029255 0.5 0.5 1 1 0
1.2015254 0.5 0.5 1 1 0
1.2001253 0.5 0.5 1 1 0
1.1987251 0.5 0.5 1 1 0
1.197325 0.5 0.5 1 1 0
1.1959248 0.5 0.5 1 1 0
1.1945247 0.5 0.5 1 1 0
1.1931245 0.5 0.5 1 1 0
1.1917244 0.5 0.5 1 1 0
1.1903243 0.5 0.5 1 1 0
1.1889241 0.5 0.5 1 1 0
1.187524 0.5 0.5 1 1 0
1.1861238 0.5 0.5 1 1 0
1.1847237 0.5 0.5 1 1 0
1.1833236 0.5 0.5 1 1 0
1.1819234 0.5 0.5 1 1 0
1.1805233 0.5 0.5 1 1 0
1.1791231 0.5 0.5 1 1 0
1.177723 0.5 0.5 1 1 0
1.1763228 0.5 0.5 1 1 0
1.1749227 0.5 0.5 1 1 0
1.1735226 0.5 0.5 1 1 0
1.1721224 0.5 0.5 1 1 0
1.1707223 0.5 0.5 1 1 0
1.1693221 0.5 0.5 1 1 0
1.167922 0.5 0.5 1 1 0
1.1665218 0.5 0.5 1 1 0
1.1651217 0.5 0.5 1 1 0
1.1637216 0.5 0.5 1 1 0
1.1623214 0.5 0.5 1 1 0
1.1609213 0.5 0.5 1 1 0
1.1595211 0.5 0.5 1 1 0
1.158121 0.5 0.5 1 1 0
1.1567209 0.5 0.5 1 1 0
1.1553207 0.5 0.5 1 1 0
1.1539206 0.5 0.5 1 1 0
1.1525204 0.5 0.5 1 1 0
1.1511203 0.5 0.5 1 1 0
1.1497201 0.5 0.5 1 1 0
1.14832 0.5 0.5 1 1 0
1.1469199 0.5 0.5 1 1 0
1.1455197 0.5 0.5 1 1 0
1.1441196 0.5 0.5 1 1 0
1.1427194 0.5 0.5 1 1 0
1.1413193 0.5 0.5 1 1 0
1.1399192 0.5 0.5 1 1 0
1.138519 0.5 0.5 1 1 0
1.1371189 0.5 0.5 1 1 0
1.1357187 0.5 0.5 1 1 0
1.1343186 0.5 0.5 1 1 0
1.1329184 0.5 0.5 1 1 0
1.1315183 0.5 0.5 1 1 0
1.1301182 0.5 0.5 1 1 0
1.128718 0.5 0.5 1 1 0
1.1273179 0.5 0.5 1 1 0
1.1259177 0.5 0.5 1 1 0
1.1245176 0.5 0.5 1 1 0
1.1231175 0.5 0.5 1 1 0
1.1217173 0.5 0.5 1 1 0
1.1203172 0.5 0.5 1 1 0
1.118917 0.5 0.5 1 1 0
1.1175169 0.5 0.5 1 1 0
1.1161167 0.5 0.5 1 1 0
1.1147166 0.5 0.5 1 1 0
1.1133165 0.5 0.5 1 1 0
1.1119163 0.5 0.5 1 1 0
1.1105162 0.5 0.5 1 1 0
1.109116 0.5 0.5 1 1 0
1.1077159 0.5 0.5 1 1 0
1.1063157 0.5 0.5 1 1 0
1.1049156 0.5 0.5 1 1 0
1.1035155 0.5 0.5 1 1 0
1.1021153 0.5 0.5 1 1 0
1.1007152 0.5 0.5 1 1 0
1.099315 0.5 0.5 1 1 0
1.0979149 0.5 0.5 1 1 0
1.0965148 0.5 0.5 1 1 0
1.0951146 0.5 0.5 1 1 0
1.0937145 0.5 0.5 1 1 0
1.0923143 0.5 0.5 1 1 0
1.0909142 0.5 0.5 1 1 0
1.089514 0.5 0.5 1 1 0
1.0881139 0.5 0.5 1 1 0
1.0867138 0.5 0.5 1 1 0
1.0853136 0.5 0.5 1 1 0
1.0839135 0.5 0.5 1 1 0
1.0825133 0.5 0.5 1 1 0
1.0811132 0.5 0.5 1 1 0
1.0797131 0.5 0.5 1 1 0
1.0783129 0.5 0.5 1 1 0
1.0769128 0.5 0.5 1 1 0
1.0755126 0.5 0.5 1 1 0
1.0741125 0.5 0.5 1 1 0
1.0727123 0.5 0.5 1 1 0
1.0713122 0.5 0.5 1 1 0
1.0699121 0.5 0.5 1 1 0
1.0685119 0.5 0.5 1 1 0
1.0671118 0.5 0.5 1 1 0
1.0657116 0.5 0.5 1 1 0
1.0643115 0.5 0.5 1 1 0
1.0629114 0.5 0.5 1 1 0
1.0615112 0.5 0.5 1 1 0
1.0601111 0.5 0.5 1 1 0
1.0587109 0.5 0.5 1 1 0
1.0573108 0.5 0.5 1 1 0
1.0559106 0.5 0.5 1 1 0
1.0545105 0.5 0.5 1 1 0
1.0531104 0.5 0.5 1 1 0
1.0517102 0.5 0.5 1 1 0
1.0503101 0.5 0.5 1 1 0
1.0489099 0.5 0.5 1 1 0
1.0475098 0.5 0.5 1 1 0
1.0461097 0.5 0.5 1 1 0
1.0447095 0.5 0.5 1 1 0
1.0433094 0.5 0.5 1 1 0
1.0419092 0.5 0.5 1 1 0
1.0405091 0.5 0.5 1 1 0
1.0391089 0.5 0.5 1 1 0
1.0377088 0.5 0.5 1 1 0
1.0363087 0.5 0.5 1 1 0
1.0349085 0.5 0.5 1 1 0
1.0335084 0.5 0.5 1 1 0
1.0335084 0.5 0.5 2 1 0
1.03334 0.5 0.5 2 1 0
1.0331716 0.5 0.5 2 1 0
1.0330032 0.5 0.5 2 1 0
1.0328348 0.5 0.5 2 1 0
1.0326665 0.5 0.5 2 1 0
1.0324981 0.5 0.5 2 1 0
1.0323297 0.5 0.5 2 1 0
1.0321613 0.5 0.5 2 1 0
1.0319929 0.5 0.5 2 1 0
1.0318245 0.5 0.5 2 1 0
1.0316562 0.5 0.5 2 1 0
1.0314878 0.5 0.5 2 1 0
1.0313194 0.5 0.5 2 1 0
1.031151 0.5 0.5 2 1 0
1.0309826 0.5 0.5 2 1 0
1.0308142 0.5 0.5 2 1 0
1.0306458 0.5 0.5 2 1 0
1.0304775 0.5 0.5 2 1 0
1.0303091 0.5 0.5 2 1 0
1.0301407 0.5 0.5 2 1 0
1.0299723 0.5 0.5 2 1 0
1.0298039 0.5 0.5 2 1 0
1.0296355 0.5 0.5 2 1 0
1.0294672 0.5 0.5 2 1 0
1.0292988 0.5 0.5 2 1 0
1.0291304 0.5 0.5 2 1 0
1.028962 0.5 0.5 2 1 0
1.0287936 0.5 0.5 2 1 0
1.0286252 0.5 0.5 2 1 0
1.0284569 0.5 0.5 2 1 0
1.0282885 0.5 0.5 2 1 0
1.0281201 0.5 0.5 2 1 0
1.0279517 0.5 0.5 2 1 0
1.0277833 0.5 0.5 2 1 0
1.0276149 0.5 0.5 2 1 0
1.0274466 0.5 0.5 2 1 0
1.0272782 0.5 0.5 2 1 0
1.0271098 0.5 0.5 2 1 0
1.0269414 0.5 0.5 2 1 0
1.026773 0.5 0.5 2 1 0
1.0266046 0.5 0.5 2 1 0
1.0264363 0.5 0.5 2 1 0
1.0262679 0.5 0.5 2 1 0
1.0260995 0.5 0.5 2 1 0
1.0259311 0.5 0.5 2 1 0
1.0257627 0.5 0.5 2 1 0
1.0255943 0.5 0.5 2 1 0
1.025426 0.5 0.5 2 1 0
1.0252576 0.5 0.5 2 1 0
1.0250892 0.5 0.5 2 1 0
1.0249208 0.5 0.5 2 1 0
1.0247524 0.5 0.5 2 1 0
1.024584 0.5 0.5 2 1 0
1.0244156 0.5 0.5 2 1 0
1.0242473 0.5 0.5 2 1 0
1.0240789 0.5 0.5 2 1 0
1.0239105 0.5 0.5 2 1 0
1.0237421 0.5 0.5 2 1 0
1.0235737 0.5 0.5 2 1 0
1.0234053 0.5 0.5 2 1 0
1.023237 0.5 0.5 2 1 0
1.0230686 0.5 0.5 2 1 0
1.0229002 0.5 0.5 2 1 0
1.0227318 0.5 0.5 2 1 0
1.0225634 0.5 0.5 2 1 0
1.022395 0.5 0.5 2 1 0
1.0222267 0.5 0.5 2 1 0
1.0220583 0.5 0.5 2 1 0
1.0218899 0.5 0.5 2 1 0
1.0217215 0.5 0.5 2 1 0
1.0215531 0.5 0.5 2 1 0
1.0213847 0.5 0.5 2 1 0
1.0212164 0.5 0.5 2 1 0
1.021048 0.5 0.5 2 1 0
1.0208796 0.5 0.5 2 1 0
1.0207112 0.5 0.5 2 1 0
1.0205428 0.5 0.5 2 1 0
1.0203744 0.5 0.5 2 1 0
1.0202061 0.5 0.5 2 1 0
1.0200377 0.5 0.5 2 1 0
1.0198693 0.5 0.5 2 1 0
1.0197009 0.5 0.5 2 1 0
1.0195325 0.5 0.5 2 1 0
1.0193641 0.5 0.5 2 1 0
1.0191958 0.5 0.5 2 1 0
1.0190274 0.5 0.5 2 1 0
1.018859 0.5 0.5 2 1 0
1.0186906 0.5 0.5 2 1 0
1.0185222 0.5 0.5 2 1 0
1.0183538 0.5 0.5 2 1 0
1.0181854 0.5 0.5 2 1 0
1.0180171 0.5 0.5 2 1 0
1.0178487 0.5 0.5 2 1 0
1.0176803 0.5 0.5 2 1 0
1.0175119 0.5 0.5 2 1 0
1.0173435 0.5 0.5 2 1 0
1.0171751 0.5 0.5 2 1 0
1.0170068 0.5 0.5 2 1 0
1.0168384 0.5 0.5 2 1 0
1.01667 0.5 0.5 2 1 0
1.0165016 0.5 0.5 2 1 0
1.0163332 0.5 0.5 2 1 0
1.0161648 0.5 0.5 2 1 0
1.0159965 0.5 0.5 2 1 0
1.0158281 0.5 0.5 2 1 0
1.0156597 0.5 0.5 2 1 0
1.0154913 0.5 0.5 2 1 0
1.0153229 0.5 0.5 2 1 0
1.0151545 0.5 0.5 2 1 0
1.0149862 0.5 0.5 2 1 0
1.0148178 0.5 0.5 2 1 0
1.0146494 0.5 0.5 2 1 0
1.014481 0.5 0.5 2 1 0
1.0143126 0.5 0.5 2 1 0
1.0141442 0.5 0.5 2 1 0
1.0139759 0.5 0.5 2 1 0
1.0138075 0.5 0.5 2 1 0
1.0136391 0.5 0.5 2 1 0
1.0134707 0.5 0.5 2 1 0
1.0133023 0.5 0.5 2 1 0
1.0131339 0.5 0.5 2 1 0
1.0129656 0.5 0.5 2 1 0
1.0127972 0.5 0.5 2 1 0
1.0126288 0.5 0.5 2 1 0
1.0124604 0.5 0.5 2 1 0
1.012292 0.5 0.5 2 1 0
1.0121236 0.5 0.5 2 1 0
1.0119552 0.5 0.5 2 1 0
1.0117869 0.5 0.5 2 1 0
1.0116185 0.5 0.5 2 1 0
1.0114501 0.5 0.5 2 1 0
1.0112817 0.5 0.5 2 1 0
1.0111133 0.5 0.5 2 1 0
1.0109449 0.5 0.5 2 1 0
1.0107766 0.5 0.5 2 1 0
1.0106082 0.5 0.5 2 1 0
1.0104398 0.5 0.5 2 1 0
1.0102714 0.5 0.5 2 1 0
1.010103 0.5 0.5 2 1 0
1.0099346 0.5 0.5 2 1 0
1.0097663 0.5 0.5 2 1 0
1.0095979 0.5 0.5 2 1 0
1.0094295 0.5 0.5 2 1 0
1.0092611 0.5 0.5 2 1 0
1.0090927 0.5 0.5 2 1 0
1.0089243 0.5 0.5 2 1 0
1.008756 0.5 0.5 2 1 0
1.0085876 0.5 0.5 2 1 0
1.0084192 0.5 0.5 2 1 0
1.0082508 0.5 0.5 2 1 0
1.0080824 0.5 0.5 2 1 0
1.007914 0.5 0.5 2 1 0
1.0077457 0.5 0.5 2 1 0
1.0075773 0.5 0.5 2 1 0
1.0074089 0.5 0.5 2 1 0
1.0072405 0.5 0.5 2 1 0
1.0070721 0.5 0.5 2 1 0
1.0069037 0.5 0.5 2 1 0
1.0067354 0.5 0.5 2 1 0
1.006567 0.5 0.5 2 1 0
1.0063986 0.5 0.5 2 1 0
1.0062302 0.5 0.5 2 1 0
1.0060618 0.5 0.5 2 1 0
1.0058934 0.5 0.5 2 1 0
1.005725 0.5 0.5 2 1 0
1.0055567 0.5 0.5 2 1 0
1.0053883 0.5 0.5 2 1 0
1.0052199 0.5 0.5 2 1 0
1.0050515 0.5 0.5 2 1 0
1.0048831 0.5 0.5 2 1 0
1.0047147 0.5 0.5 2 1 0
1.0045464 0.5 0.5 2 1 0
1.004378 0.5 0.5 2 1 0
1.0042096 0.5 0.5 2 1 0
1.0040412 0.5 0.5 2 1 0
1.0038728 0.5 0.5 2 1 0
1.0037044 0.5 0.5 2 1 0
1.0035361 0.5 0.5 2 1 0
1.0033677 0.5 0.5 2 1 0
1.0031993 0.5 0.5 2 1 0
1.0030309 0.5 0.5 2 1 0
1.0028625 0.5 0.5 2 1 0
1.0026941 0.5 0.5 2 1 0
1.0025258 0.5 0.5 2 1 0
1.0023574 0.5 0.5 2 1 0
1.002189 0.5 0.5 2 1 0
1.0020206 0.5 0.5 2 1 0
1.0018522 0.5 0.5 2 1 0
1.0016838 0.5 0.5 2 1 0
1.0015155 0.5 0.5 2 1 0
1.0013471 0.5 0.5 2 1 0
1.0011787 0.5 0.5 2 1 0
1.0010103 0.5 0.5 2 1 0
1.0008419 0.5 0.5 2 1 0
1.0006735 0.5 0.5 2 1 0
1.0005052 0.5 0.5 2 1 0
1.0003368 0.5 0.5 2 1 0
1.0001684 0.5 0.5 2 1 0
1.0 0.5 0.5 2 1 0
1.3121366 0.5 0.5 2 2 0
1.3121366 0.5229238 0.5229238 2 2 0
1.3111691 0.5352896 0.5352896 2 2 0
1.3102017 0.5440255 0.5440255 2 2 0
1.3092342 0.5510157 0.5510157 2 2 0
1.3082668 0.5573125 0.5573125 2 2 0
1.3072993 0.5641651 0.5641651 2 2 0
1.3063318 0.5701543 0.5701543 2 2 0
1.3053644 0.5754843 0.5754843 2 2 0
1.3043969 0.5802916 0.5802916 2 2 0
1.3034295 0.5846609 0.5846609 2 2 0
1.302462 0.5886581 0.5886581 2 2 0
1.3014945 0.5923308 0.5923308 2 2 0
1.3005271 0.5958062 0.5958062 2 2 0
1.2995596 0.6000265 0.6000265 2 2 0
1.2985922 0.6039396 0.6039396 2 2 0
1.2976247 0.6075789 0.6075789 2 2 0
1.2966572 0.6109786 0.6109786 2 2 0
1.2956898 0.6141501 0.6141501 2 2 0
1.2947223 0.6171177 0.6171177 2 2 0
1.2937549 0.6198943 0.6198943 2 2 0
1.2927874 0.6226665 0.6226665 2 2 0
1.2918199 0.6259398 0.6259398 2 2 0
1.2908525 0.6290204 0.6290204 2 2 0
1.289885 0.631922 0.631922 2 2 0
1.2889176 0.6346558 0.6346558 2 2 0
1.2879501 0.6372349 0.6372349 2 2 0
1.2869827 0.6396646 0.6396646 2 2 0
1.2860152 0.6419554 0.6419554 2 2 0
1.2850477 0.6445148 0.6445148 2 2 0
1.2840803 0.6472368 0.6472368 2 2 0
1.2831128 0.6498154 0.6498154 2 2 0
1.2821454 0.6522573 0.6522573 2 2 0
1.2811779 0.6545694 0.6545694 2 2 0
1.2802104 0.6567583 0.6567583 2 2 0
1.279243 0.6588278 0.6588278 2 2 0
1.2782755 0.6608899 0.6608899 2 2 0
1.2773081 0.663345 0.663345 2 2 0
1.2763406 0.6656801 0.6656801 2 2 0
1.2753731 0.6678999 0.6678999 2 2 0
1.2744057 0.6700073 0.6700073 2 2 0
1.2734382 0.6720057 0.6720057 2 2 0
1.2724708 0.6738988 0.6738988 2 2 0
1.2715033 0.6756916 0.6756916 2 2 0
1.2705358 0.6779333 0.6779333 2 2 0
1.2695684 0.6800694 0.6800694 2 2 0
1.2686009 0.6821027 0.6821027 2 2 0
1.2676335 0.6840371 0.6840371 2 2 0
1.266666 0.685874 0.685874 2 2 0
1.2656986 0.6876164 0.6876164 2 2 0
1.2647311 0.6892896 0.6892896 2 2 0
1.2637636 0.691348 0.691348 2 2 0
1.2627962 0.693312 0.693312 2 2 0
1.2618287 0.6951839 0.6951839 2 2 0
1.2608613 0.6969662 0.6969662 2 2 0
1.2598938 0.6986583 0.6986583 2 2 0
1.2589263 0.7002664 0.7002664 2 2 0
1.2579589 0.7019243 0.7019243 2 2 0
1.2569914 0.7038187 0.7038187 2 2 0
1.256024 0.7056265 0.7056265 2 2 0
1.2550565 0.7073505 0.7073505 2 2 0
1.254089 0.7089935 0.7089935 2 2 0
1.2531216 0.7105523 0.7105523 2 2 0
1.2521541 0.7120351 0.7120351 2 2 0
1.2511867 0.7137492 0.7137492 2 2 0
1.2502192 0.7154926 0.7154926 2 2 0
1.2492517 0.7171577 0.7171577 2 2 0
1.2482843 0.7187434 0.7187434 2 2 0
1.2473168 0.7202528 0.7202528 2 2 0
1.2463494 0.7216869 0.7216869 2 2 0
1.2453819 0.7231973 0.7231973 2 2 0
1.2444145 0.7248749 0.7248749 2 2 0
1.243447 0.7264756 0.7264756 2 2 0
1.2424795 0.7280047 0.7280047 2 2 0
1.2415121 0.7294577 0.7294577 2 2 0
1.2405446 0.7308413 0.7308413 2 2 0
1.2395772 0.7322295 0.7322295 2 2 0
1.2386097 0.733838 0.733838 2 2 0
1.2376422 0.7353735 0.7353735 2 2 0
1.2366748 0.7368397 0.7368397 2 2 0
1.2357073 0.7382353 0.7382353 2 2 0
1.2347399 0.7395621 0.7395621 2 2 0
1.2337724 0.7408959 0.7408959 2 2 0
1.2328049 0.7424315 0.7424315 2 2 0
1.2318375 0.7439003 0.7439003 2 2 0
1.23087 0.7452998 0.7452998 2 2 0
1.2299026 0.7466331 0.7466331 2 2 0
1.2289351 0.7479016 0.7479016 2 2 0
1.2279677 0.7492301 0.7492301 2 2 0
1.2270002 0.7506923 0.7506923 2 2 0
1.2260327 0.7520897 0.7520897 2 2 0
1.2250653 0.7534203 0.7534203 2 2 0
1.2240978 0.754688 0.754688 2 2 0
1.2231304 0.7558929 0.7558929 2 2 0
1.2221629 0.7572586 0.7572586 2 2 0
1.2211954 0.7586441 0.7586441 2 2 0
1.220228 0.7599678 0.7599678 2 2 0
1.2192605 0.7612269 0.7612269 2 2 0
1.2182931 0.7624247 0.7624247 2 2 0
1.2173256 0.7636295 0.7636295 2 2 0
1.2163581 0.7649992 0.7649992 2 2 0
1.2153907 0.7663046 0.7663046 2 2 0
1.2144232 0.76755 0.76755 2 2 0
1.2134558 0.7687357 0.7687357 2 2 0
1.2124883 0.7698618 0.7698618 2 2 0
1.2115208 0.7711747 0.7711747 2 2 0
1.2105534 0.7724587 0.7724587 2 2 0
1.2095859 0.773684 0.773684 2 2 0
1.2086185 0.7748507 0.7748507 2 2 0
1.207651 0.775959 0.775959 2 2 0
1.2066836 0.7771916 0.7771916 2 2 0
1.2057161 0.7784481 0.7784481 2 2 0
1.2047486 0.7796471 0.7796471 2 2 0
1.2037812 0.7807887 0.7807887 2 2 0
1.2028137 0.7818731 0.7818731 2 2 0
1.2018463 0.7830627 0.7830627 2 2 0
1.2008788 0.7842861 0.7842861 2 2 0
1.1999113 0.7854532 0.7854532 2 2 0
1.1989439 0.7865641 0.7865641 2 2 0
1.1979764 0.7876192 0.7876192 2 2 0
1.197009 0.7887949 0.7887949 2 2 0
1.1960415 0.7899822 0.7899822 2 2 0
1.195074 0.7911127 0.7911127 2 2 0
1.1941066 0.792188 0.792188 2 2 0
1.1931391 0.7932088 0.7932088 2 2 0
1.1921717 0.7943946 0.7943946 2 2 0
1.1912042 0.795539 0.795539 2 2 0
1.1902367 0.796629 0.796629 2 2 0
1.1892693 0.7976648 0.7976648 2 2 0
1.1883018 0.7987124 0.7987124 2 2 0
1.1873344 0.7998649 0.7998649 2 2 0
1.1863669 0.8009635 0.8009635 2 2 0
1.1853995 0.8020083 0.8020083 2 2 0
1.184432 0.8029999 0.8029999 2 2 0
1.1834645 0.8041032 0.8041032 2 2 0
1.1824971 0.8052036 0.8052036 2 2 0
1.1815296 0.8062515 0.8062515 2 2 0
1.1805622 0.807247 0.807247 2 2 0
1.1795947 0.8082653 0.8082653 2 2 0
1.1786272 0.8093634 0.8093634 2 2 0
1.1776598 0.8104094 0.8104094 2 2 0
1.1766923 0.8114036 0.8114036 2 2 0
1.1757249 0.8123615 0.8123615 2 2 0
1.1747574 0.8134517 0.8134517 2 2 0
1.1737899 0.8144909 0.8144909 2 2 0
1.1728225 0.8154788 0.8154788 2 2 0
1.171855 0.8164157 0.8164157 2 2 0
1.1708876 0.8174749 0.8174749 2 2 0
1.1699201 0.8185025 0.8185025 2 2 0
1.1689526 0.8194795 0.8194795 2 2 0
1.1679852 0.820406 0.820406 2 2 0
1.1670177 0.8214373 0.8214373 2 2 0
1.1660503 0.822449 0.822449 2 2 0
1.1650828 0.8234106 0.8234106 2 2 0
1.1641154 0.8243224 0.8243224 2 2 0
1.1631479 0.8253415 0.8253415 2 2 0
1.1621804 0.8263333 0.8263333 2 2 0
1.161213 0.8272754 0.8272754 2 2 0
1.1602455 0.8281722 0.8281722 2 2 0
1.1592781 0.8291887 0.8291887 2 2 0
1.1583106 0.8301566 0.8301566 2 2 0
1.1573431 0.8310755 0.8310755 2 2 0
1.1563757 0.8319897 0.8319897 2 2 0
1.1554082 0.8329785 0.8329785 2 2 0
1.1544408 0.8339184 0.8339184 2 2 0
1.1534733 0.8348095 0.8348095 2 2 0
1.1525058 0.8357504 0.8357504 2 2 0
1.1515384 0.8367076 0.8367076 2 2 0
1.1505709 0.8376164 0.8376164 2 2 0
1.1496035 0.8384833 0.8384833 2 2 0
1.148636 0.8394531 0.8394531 2 2 0
1.1476685 0.8403755 0.8403755 2 2 0
1.1467011 0.8412501 0.8412501 2 2 0
1.1457336 0.8421625 0.8421625 2 2 0
1.1447662 0.8430946 0.8430946 2 2 0
1.1437987 0.8439791 0.8439791 2 2 0
1.1428313 0.8448406 0.8448406 2 2 0
1.1418638 0.845778 0.845778 2 2 0
1.1408963 0.8466681 0.8466681 2 2 0
1.1399289 0.8475111 0.8475111 2 2 0
1.1389614 0.8484317 0.8484317 2 2 0
1.137994 0.8493246 0.8493246 2 2 0
1.1370265 0.8501708 0.8501708 2 2 0
1.136059 0.8510604 0.8510604 2 2 0
1.1350916 0.8519524 0.8519524 2 2 0
1.1341241 0.852797 0.852797 2 2 0
1.1331567 0.8536639 0.8536639 2 2 0
1.1321892 0.8545516 0.8545516 2 2 0
1.1312217 0.8553929 0.8553929 2 2 0
1.1302543 0.8562463 0.8562463 2 2 0
1.1292868 0.8571272 0.8571272 2 2 0
1.1283194 0.8579618 0.8579618 2 2 0
1.1273519 0.8588078 0.8588078 2 2 0
1.1263844 0.8596778 0.8596778 2 2 0
1.125417 0.8605019 0.8605019 2 2 0
1.1244495 0.8613479 0.8613479 2 2 0
1.1234821 0.8622054 0.8622054 2 2 0
1.1225146 0.8630174 0.8630174 2 2 0
1.1215472 0.8638674 0.8638674 2 2 0
1.1205797 0.8647085 0.8647085 2 2 0
1.1196122 0.8655044 0.8655044 2 2 0
1.1186448 0.8663636 0.8663636 2 2 0
1.1176773 0.8671868 0.8671868 2 2 0
1.1167099 0.86799 0.86799 2 2 0
1.1157424 0.8688367 0.8688367 2 2 0
1.1147749 0.8696381 0.8696381 2 2 0
1.1138075 0.8704593 0.8704593 2 2 0
1.11284 0.8712831 0.8712831 2 2 0
1.1118726 0.8720621 0.8720621 2 2 0
1.1109051 0.8729043 0.8729043 2 2 0
1.1099376 0.8737012 0.8737012 2 2 0
1.1089702 0.874505 0.874505 2 2 0
1.1080027 0.8753192 0.8753192 2 2 0
1.1070353 0.8760919 0.8760919 2 2 0
1.1060678 0.8769198 0.8769198 2 2 0
1.1051003 0.8777025 0.8777025 2 2 0
1.1041329 0.8785046 0.8785046 2 2 0
1.1031654 0.8792998 0.8792998 2 2 0
1.102198 0.8800794 0.8800794 2 2 0
1.1012305 0.8808837 0.8808837 2 2 0
1.1002631 0.8816442 0.8816442 2 2 0
1.0992956 0.8824552 0.8824552 2 2 0
1.0983281 0.8832228 0.8832228 2 2 0
1.0973607 0.8840188 0.8840188 2 2 0
1.0963932 0.8847907 0.8847907 2 2 0
1.0954258 0.8855728 0.8855728 2 2 0
1.0944583 0.8863484 0.8863484 2 2 0
1.0934908 0.8871216 0.8871216 2 2 0
1.0925234 0.8878983 0.8878983 2 2 0
1.0915559 0.8886637 0.8886637 2 2 0
1.0905885 0.8894395 0.8894395 2 2 0
1.089621 0.8902016 0.8902016 2 2 0
1.0886535 0.8909749 0.8909749 2 2 0
1.0876861 0.8917338 0.8917338 2 2 0
1.0867186 0.892502 0.892502 2 2 0
1.0857512 0.8932616 0.8932616 2 2 0
1.0847837 0.894024 0.894024 2 2 0
1.0838162 0.8947841 0.8947841 2 2 0
1.0828488 0.8955377 0.8955377 2 2 0
1.0818813 0.8963009 0.8963009 2 2 0
1.0809139 0.8970454 0.8970454 2 2 0
1.0799464 0.8978118 0.8978118 2 2 0
1.078979 0.8985523 0.8985523 2 2 0
1.0780115 0.8993152 0.8993152 2 2 0
1.077044 0.9000628 0.9000628 2 2 0
1.0760766 0.9008112 0.9008112 2 2 0
1.0751091 0.9015647 0.9015647 2 2 0
1.0741417 0.9023005 0.9023005 2 2 0
1.0731742 0.9030589 0.9030589 2 2 0
1.0722067 0.9038025 0.9038025 2 2 0
1.0712393 0.9045419 0.9045419 2 2 0
1.0702718 0.9052941 0.9052941 2 2 0
1.0693044 0.9060335 0.9060335 2 2 0
1.0683369 0.906774 0.906774 2 2 0
1.0673694 0.9075217 0.9075217 2 2 0
1.066402 0.9082599 0.9082599 2 2 0
1.0654345 0.9089967 0.9089967 2 2 0
1.0644671 0.9097435 0.9097435 2 2 0
1.0634996 0.9104826 0.9104826 2 2 0
1.0625321 0.911216 0.911216 2 2 0
1.0615647 0.9119587 0.9119587 2 2 0
1.0605972 0.9127006 0.9127006 2 2 0
1.0596298 0.9134382 0.9134382 2 2 0
1.0586623 0.9141725 0.9141725 2 2 0
1.0576949 0.9149106 0.9149106 2 2 0
1.0567274 0.9156527 0.9156527 2 2 0
1.0557599 0.9163923 0.9163923 2 2 0
1.0547925 0.9171305 0.9171305 2 2 0
1.053825 0.9178672999999999 0.9178672999999999 2 2 0
1.0528576 0.9186038 0.9186038 2 2 0
1.0518901 0.9193418 0.9193418 2 2 0
1.0509226 0.9200842 0.9200842 2 2 0
1.0499552 0.9208262 0.9208262 2 2 0
1.0489877 0.9215682000000001 0.9215682000000001 2 2 0
1.0480203 0.9223106 0.9223106 2 2 0
1.0470528 0.9230538 0.9230538 2 2 0
1.0460853 0.9237976999999999 0.9237976999999999 2 2 0
1.0451179 0.9245426 0.9245426 2 2 0
1.0441504 0.9252886 0.9252886 2 2 0
1.043183 0.9260357 0.9260357 2 2 0
1.0422155 0.9267838 0.9267838 2 2 0
1.041248 0.9275345 0.9275345 2 2 0
1.0402806 0.9282896 0.9282896 2 2 0
1.0393131 0.929046 0.929046 2 2 0
1.0383457 0.9298035 0.9298035 2 2 0
1.0373782 0.9305619 0.9305619 2 2 0
1.0364108 0.9313237 0.9313237 2 2 0
1.0354433 0.9320912 0.9320912 2 2 0
1.0344758 0.9328590999999999 0.9328590999999999 2 2 0
1.0335084 0.9336304 0.9336304 2 2 0
1.3121366 0.5 0.5 2 2 0
1.3121366 0.4770762 0.4770762 2 2 0
1.3111691 0.4647104 0.4647104 2 2 0
1.3102017 0.4559745 0.4559745 2 2 0
1.3092342 0.4489843 0.4489843 2 2 0
1.3082668 0.4426875 0.4426875 2 2 0
1.3072993 0.4358349 0.4358349 2 2 0
1.3063318 0.4298457 0.4298457 2 2 0
1.3053644 0.4245157 0.4245157 2 2 0
1.3043969 0.4197084 0.4197084 2 2 0
1.3034295 0.4153391 0.4153391 2 2 0
1.302462 0.4113419 0.4113419 2 2 0
1.3014945 0.4076692 0.4076692 2 2 0
1.3005271 0.4041938 0.4041938 2 2 0
1.2995596 0.3999735 0.3999735 2 2 0
1.2985922 0.3960604 0.3960604 2 2 0
1.2976247 0.3924211 0.3924211 2 2 0
1.2966572 0.3890214 0.3890214 2 2 0
1.2956898 0.3858499 0.3858499 2 2 0
1.2947223 0.3828823 0.3828823 2 2 0
1.2937549 0.3801057 0.3801057 2 2 0
1.2927874 0.3773335 0.3773335 2 2 0
1.2918199 0.3740602 0.3740602 2 2 0
1.2908525 0.3709796 0.3709796 2 2 0
1.289885 0.368078 0.368078 2 2 0
1.2889176 0.3653442 0.3653442 2 2 0
1.2879501 0.3627651 0.3627651 2 2 0
1.2869827 0.3603354 0.3603354 2 2 0
1.2860152 0.3580446 0.3580446 2 2 0
1.2850477 0.3554852 0.3554852 2 2 0
1.2840803 0.3527632 0.3527632 2 2 0
1.2831128 0.3501846 0.3501846 2 2 0
1.2821454 0.3477427 0.3477427 2 2 0
1.2811779 0.3454306 0.3454306 2 2 0
1.2802104 0.3432417 0.3432417 2 2 0
1.279243 0.3411722 0.3411722 2 2 0
1.2782755 0.3391101 0.3391101 2 2 0
1.2773081 0.336655 0.336655 2 2 0
1.2763406 0.3343199 0.3343199 2 2 0
1.2753731 0.3321001 0.3321001 2 2 0
1.2744057 0.3299927 0.3299927 2 2 0
1.2734382 0.3279943 0.3279943 2 2 0
1.2724708 0.3261012 0.3261012 2 2 0
1.2715033 0.3243084 0.3243084 2 2 0
1.2705358 0.3220667 0.3220667 2 2 0
1.2695684 0.3199306 0.3199306 2 2 0
1.2686009 0.3178973 0.3178973 2 2 0
1.2676335 0.3159629 0.3159629 2 2 0
1.266666 0.314126 0.314126 2 2 0
1.2656986 0.3123836 0.3123836 2 2 0
1.2647311 0.3107104 0.3107104 2 2 0
1.2637636 0.308652 0.308652 2 2 0
1.2627962 0.306688 0.306688 2 2 0
1.2618287 0.3048161 0.3048161 2 2 0
1.2608613 0.3030338 0.3030338 2 2 0
1.2598938 0.3013417 0.3013417 2 2 0
1.2589263 0.2997336 0.2997336 2 2 0
1.2579589 0.2980757 0.2980757 2 2 0
1.2569914 0.2961813 0.2961813 2 2 0
1.256024 0.2943735 0.2943735 2 2 0
1.2550565 0.2926495 0.2926495 2 2 0
1.254089 0.2910065 0.2910065 2 2 0
1.2531216 0.2894477 0.2894477 2 2 0
1.2521541 0.2879649 0.2879649 2 2 0
1.2511867 0.2862508 0.2862508 2 2 0
1.2502192 0.2845074 0.2845074 2 2 0
1.2492517 0.2828423 0.2828423 2 2 0
1.2482843 0.2812566 0.2812566 2 2 0
1.2473168 0.2797472 0.2797472 2 2 0
1.2463494 0.2783131 0.2783131 2 2 0
1.2453819 0.2768027 0.2768027 2 2 0
1.2444145 0.2751251 0.2751251 2 2 0
1.243447 0.2735244 0.2735244 2 2 0
1.2424795 0.2719953 0.2719953 2 2 0
1.2415121 0.2705423 0.2705423 2 2 0
1.2405446 0.2691587 0.2691587 2 2 0
1.2395772 0.2677705 0.2677705 2 2 0
1.2386097 0.266162 0.266162 2 2 0
1.2376422 0.2646265 0.2646265 2 2 0
1.2366748 0.2631603 0.2631603 2 2 0
1.2357073 0.2617647 0.2617647 2 2 0
1.2347399 0.2604379 0.2604379 2 2 0
1.2337724 0.2591041 0.2591041 2 2 0
1.2328049 0.2575685 0.2575685 2 2 0
1.2318375 0.2560997 0.2560997 2 2 0
1.23087 0.2547002 0.2547002 2 2 0
1.2299026 0.2533669 0.2533669 2 2 0
1.2289351 0.2520984 0.2520984 2 2 0
1.2279677 0.2507699 0.2507699 2 2 0
1.2270002 0.2493077 0.2493077 2 2 0
1.2260327 0.2479103 0.2479103 2 2 0
1.2250653 0.2465797 0.2465797 2 2 0
1.2240978 0.245312 0.245312 2 2 0
1.2231304 0.2441071 0.2441071 2 2 0
1.2221629 0.2427414 0.2427414 2 2 0
1.2211954 0.2413559 0.2413559 2 2 0
1.220228 0.2400322 0.2400322 2 2 0
1.2192605 0.2387731 0.2387731 2 2 0
1.2182931 0.2375753 0.2375753 2 2 0
1.2173256 0.2363705 0.2363705 2 2 0
1.2163581 0.2350008 0.2350008 2 2 0
1.2153907 0.2336954 0.2336954 2 2 0
1.2144232 0.23245 0.23245 2 2 0
1.2134558 0.2312643 0.2312643 2 2 0
1.2124883 0.2301382 0.2301382 2 2 0
1.2115208 0.2288253 0.2288253 2 2 0
1.2105534 0.2275413 0.2275413 2 2 0
1.2095859 0.226316 0.226316 2 2 0
1.2086185 0.2251493 0.2251493 2 2 0
1.207651 0.224041 0.224041 2 2 0
1.2066836 0.2228084 0.2228084 2 2 0
1.2057161 0.2215519 0.2215519 2 2 0
1.2047486 0.2203529 0.2203529 2 2 0
1.2037812 0.2192113 0.2192113 2 2 0
1.2028137 0.2181269 0.2181269 2 2 0
1.2018463 0.2169373 0.2169373 2 2 0
1.2008788 0.2157139 0.2157139 2 2 0
1.1999113 0.2145468 0.2145468 2 2 0
1.1989439 0.2134359 0.2134359 2 2 0
1.1979764 0.2123808 0.2123808 2 2 0
1.197009 0.2112051 0.2112051 2 2 0
1.1960415 0.2100178 0.2100178 2 2 0
1.195074 0.2088873 0.2088873 2 2 0
1.1941066 0.207812 0.207812 2 2 0
1.1931391 0.2067912 0.2067912 2 2 0
1.1921717 0.2056054 0.2056054 2 2 0
1.1912042 0.204461 0.204461 2 2 0
1.1902367 0.203371 0.203371 2 2 0
1.1892693 0.2023352 0.2023352 2 2 0
1.1883018 0.2012876 0.2012876 2 2 0
1.1873344 0.2001351 0.2001351 2 2 0
1.1863669 0.1990365 0.1990365 2 2 0
1.1853995 0.1979917 0.1979917 2 2 0
1.184432 0.1970001 0.1970001 2 2 0
1.1834645 0.1958968 0.1958968 2 2 0
1.1824971 0.1947964 0.1947964 2 2 0
1.1815296 0.1937485 0.1937485 2 2 0
1.1805622 0.192753 0.192753 2 2 0
1.1795947 0.1917347 0.1917347 2 2 0
1.1786272 0.1906366 0.1906366 2 2 0
1.1776598 0.1895906 0.1895906 2 2 0
1.1766923 0.1885964 0.1885964 2 2 0
1.1757249 0.1876385 0.1876385 2 2 0
1.1747574 0.1865483 0.1865483 2 2 0
1.1737899 0.1855091 0.1855091 2 2 0
1.1728225 0.1845212 0.1845212 2 2 0
1.171855 0.1835843 0.1835843 2 2 0
1.1708876 0.1825251 0.1825251 2 2 0
1.1699201 0.1814975 0.1814975 2 2 0
1.1689526 0.1805205 0.1805205 2 2 0
1.1679852 0.179594 0.179594 2 2 0
1.1670177 0.1785627 0.1785627 2 2 0
1.1660503 0.177551 0.177551 2 2 0
1.1650828 0.1765894 0.1765894 2 2 0
1.1641154 0.1756776 0.1756776 2 2 0
1.1631479 0.1746585 0.1746585 2 2 0
1.1621804 0.1736667 0.1736667 2 2 0
1.161213 0.1727246 0.1727246 2 2 0
1.1602455 0.1718278 0.1718278 2 2 0
1.1592781 0.1708113 0.1708113 2 2 0
1.1583106 0.1698434 0.1698434 2 2 0
1.1573431 0.1689245 0.1689245 2 2 0
1.1563757 0.1680103 0.1680103 2 2 0
1.1554082 0.1670215 0.1670215 2 2 0
1.1544408 0.1660816 0.1660816 2 2 0
1.1534733 0.1651905 0.1651905 2 2 0
1.1525058 0.1642496 0.1642496 2 2 0
1.1515384 0.1632924 0.1632924 2 2 0
1.1505709 0.1623836 0.1623836 2 2 0
1.1496035 0.1615167 0.1615167 2 2 0
1.148636 0.1605469 0.1605469 2 2 0
1.1476685 0.1596245 0.1596245 2 2 0
1.1467011 0.1587499 0.1587499 2 2 0
1.1457336 0.1578375 0.1578375 2 2 0
1.1447662 0.1569054 0.1569054 2 2 0
1.1437987 0.1560209 0.1560209 2 2 0
1.1428313 0.1551594 0.1551594 2 2 0
1.1418638 0.154222 0.154222 2 2 0
1.1408963 0.1533319 0.1533319 2 2 0
1.1399289 0.1524889 0.1524889 2 2 0
1.1389614 0.1515683 0.1515683 2 2 0
1.137994 0.1506754 0.1506754 2 2 0
1.1370265 0.1498292 0.1498292 2 2 0
1.136059 0.1489396 0.1489396 2 2 0
1.1350916 0.1480476 0.1480476 2 2 0
1.1341241 0.147203 0.147203 2 2 0
1.1331567 0.1463361 0.1463361 2 2 0
1.1321892 0.1454484 0.1454484 2 2 0
1.1312217 0.1446071 0.1446071 2 2 0
1.1302543 0.1437537 0.1437537 2 2 0
1.1292868 0.1428728 0.1428728 2 2 0
1.1283194 0.1420382 0.1420382 2 2 0
1.1273519 0.1411922 0.1411922 2 2 0
1.1263844 0.1403222 0.1403222 2 2 0
1.125417 0.1394981 0.1394981 2 2 0
1.1244495 0.1386521 0.1386521 2 2 0
1.1234821 0.1377946 0.1377946 2 2 0
1.1225146 0.1369826 0.1369826 2 2 0
1.1215472 0.1361326 0.1361326 2 2 0
1.1205797 0.1352915 0.1352915 2 2 0
1.1196122 0.1344956 0.1344956 2 2 0
1.1186448 0.1336364 0.1336364 2 2 0
1.1176773 0.1328132 0.1328132 2 2 0
1.1167099 0.13201 0.13201 2 2 0
1.1157424 0.1311633 0.1311633 2 2 0
1.1147749 0.1303619 0.1303619 2 2 0
1.1138075 0.1295407 0.1295407 2 2 0
1.11284 0.1287169 0.1287169 2 2 0
1.1118726 0.1279379 0.1279379 2 2 0
1.1109051 0.1270957 0.1270957 2 2 0
1.1099376 0.1262988 0.1262988 2 2 0
1.1089702 0.125495 0.125495 2 2 0
1.1080027 0.1246808 0.1246808 2 2 0
1.1070353 0.1239081 0.1239081 2 2 0
1.1060678 0.1230802 0.1230802 2 2 0
1.1051003 0.1222975 0.1222975 2 2 0
1.1041329 0.1214954 0.1214954 2 2 0
1.1031654 0.1207002 0.1207002 2 2 0
1.102198 0.1199206 0.1199206 2 2 0
1.1012305 0.1191163 0.1191163 2 2 0
1.1002631 0.1183558 0.1183558 2 2 0
1.0992956 0.1175448 0.1175448 2 2 0
1.0983281 0.1167772 0.1167772 2 2 0
1.0973607 0.1159812 0.1159812 2 2 0
1.0963932 0.1152093 0.1152093 2 2 0
1.0954258 0.1144272 0.1144272 2 2 0
1.0944583 0.1136516 0.1136516 2 2 0
1.0934908 0.1128784 0.1128784 2 2 0
1.0925234 0.1121017 0.1121017 2 2 0
1.0915559 0.1113363 0.1113363 2 2 0
1.0905885 0.1105605 0.1105605 2 2 0
1.089621 0.1097984 0.1097984 2 2 0
1.0886535 0.1090251 0.1090251 2 2 0
1.0876861 0.1082662 0.1082662 2 2 0
1.0867186 0.107498 0.107498 2 2 0
1.0857512 0.1067384 0.1067384 2 2 0
1.0847837 0.105976 0.105976 2 2 0
1.0838162 0.1052159 0.1052159 2 2 0
1.0828488 0.1044623 0.1044623 2 2 0
1.0818813 0.1036991 0.1036991 2 2 0
1.0809139 0.1029546 0.1029546 2 2 0
1.0799464 0.1021882 0.1021882 2 2 0
1.078979 0.1014477 0.1014477 2 2 0
1.0780115 0.1006848 0.1006848 2 2 0
1.077044 0.0999372 0.0999372 2 2 0
1.0760766 0.0991888 0.0991888 2 2 0
1.0751091 0.0984353 0.0984353 2 2 0
1.0741417 0.0976995 0.0976995 2 2 0
1.0731742 0.0969411 0.0969411 2 2 0
1.0722067 0.0961975 0.0961975 2 2 0
1.0712393 0.0954581 0.0954581 2 2 0
1.0702718 0.0947059 0.0947059 2 2 0
1.0693044 0.0939665 0.0939665 2 2 0
1.0683369 0.093226 0.093226 2 2 0
1.0673694 0.0924783 0.0924783 2 2 0
1.066402 0.0917401 0.0917401 2 2 0
1.0654345 0.0910033 0.0910033 2 2 0
1.0644671 0.0902565 0.0902565 2 2 0
1.0634996 0.0895174 0.0895174 2 2 0
1.0625321 0.088784 0.088784 2 2 0
1.0615647 0.0880413 0.0880413 2 2 0
1.0605972 0.0872994 0.0872994 2 2 0
1.0596298 0.0865618 0.0865618 2 2 0
1.0586623 0.0858275 0.0858275 2 2 0
1.0576949 0.0850894 0.0850894 2 2 0
1.0567274 0.0843473 0.0843473 2 2 0
1.0557599 0.0836077 0.0836077 2 2 0
1.0547925 0.0828695 0.0828695 2 2 0
1.053825 0.0821327 0.0821327 2 2 0
1.0528576 0.0813962 0.0813962 2 2 0
1.0518901 0.0806582 0.0806582 2 2 0
1.0509226 0.0799158 0.0799158 2 2 0
1.0499552 0.0791738 0.0791738 2 2 0
1.0489877 0.0784318 0.0784318 2 2 0
1.0480203 0.0776894 0.0776894 2 2 0
1.0470528 0.0769462 0.0769462 2 2 0
1.0460853 0.0762023 0.0762023 2 2 0
1.0451179 0.0754574 0.0754574 2 2 0
1.0441504 0.0747114 0.0747114 2 2 0
1.043183 0.0739643 0.0739643 2 2 0
1.0422155 0.0732162 0.0732162 2 2 0
1.041248 0.0724655 0.0724655 2 2 0
1.0402806 0.0717104 0.0717104 2 2 0
1.0393131 0.070954 0.070954 2 2 0
1.0383457 0.0701965 0.0701965 2 2 0
1.0373782 0.0694381 0.0694381 2 2 0
1.0364108 0.0686763 0.0686763 2 2 0
1.0354433 0.0679088 0.0679088 2 2 0
1.0344758 0.0671409 0.0671409 2 2 0
1.0335084 0.0663696 0.0663696 2 2 0
