1.2874621 0.5 0.5 2 2 0
1.2874621 0.5112054 0.5112054 2 2 0
1.287363 0.5135177 0.5135177 2 2 0
1.2872639 0.5170002 0.5170002 2 2 0
1.2871649 0.5205102 0.5205102 2 2 0
1.2870658 0.5218482 0.5218482 2 2 0
1.2869667 0.5233607 0.5233607 2 2 0
1.2868676 0.5250841 0.5250841 2 2 0
1.2867685 0.5270657 0.5270657 2 2 0
1.2866694 0.5293681 0.5293681 2 2 0
1.2865703 0.5307095 0.5307095 2 2 0
1.2864712 0.5317007 0.5317007 2 2 0
1.2863722 0.5327495 0.5327495 2 2 0
1.2862731 0.533861 0.533861 2 2 0
1.286174 0.5350406 0.5350406 2 2 0
1.2860749 0.536295 0.536295 2 2 0
1.2859758 0.5376311 0.5376311 2 2 0
1.2858767 0.5390571 0.5390571 2 2 0
1.2857776 0.5402695 0.5402695 2 2 0
1.2856785 0.5410045 0.5410045 2 2 0
1.2855795 0.5417604 0.5417604 2 2 0
1.2854804 0.5425378 0.5425378 2 2 0
1.2853813 0.5433377 0.5433377 2 2 0
1.2852822 0.544161 0.544161 2 2 0
1.2851831 0.5450085 0.5450085 2 2 0
1.285084 0.5458813 0.5458813 2 2 0
1.2849849 0.5467804 0.5467804 2 2 0
1.2848858 0.5477069 0.5477069 2 2 0
1.2847868 0.548662 0.548662 2 2 0
1.2846877 0.5496468 0.5496468 2 2 0
1.2845886 0.5503591 0.5503591 2 2 0
1.2844895 0.5509185 0.5509185 2 2 0
1.2843904 0.551485 0.551485 2 2 0
1.2842913 0.5520586 0.5520586 2 2 0
1.2841922 0.5526395 0.5526395 2 2 0
1.2840931 0.5535422 0.5535422 2 2 0
1.2839941 0.5540946 0.5540946 2 2 0
1.283895 0.5549258 0.5549258 2 2 0
1.2837959 0.5557766 0.5557766 2 2 0
1.2836968 0.5566477 0.5566477 2 2 0
1.2835977 0.5575397 0.5575397 2 2 0
1.2834986 0.5584532 0.5584532 2 2 0
1.2833995 0.5593891 0.5593891 2 2 0
1.2833004 0.5602098 0.5602098 2 2 0
1.2832014 0.5607969 0.5607969 2 2 0
1.2831023 0.561391 0.561391 2 2 0
1.2830032 0.561992 0.561992 2 2 0
1.2829041 0.5626002 0.5626002 2 2 0
1.282805 0.5632154 0.5632154 2 2 0
1.2827059 0.5638379 0.5638379 2 2 0
1.2826068 0.5644676 0.5644676 2 2 0
1.2825077 0.5651046 0.5651046 2 2 0
1.2824087 0.565749 0.565749 2 2 0
1.2823096 0.5664008 0.5664008 2 2 0
1.2822105 0.5670601 0.5670601 2 2 0
1.2821114 0.567727 0.567727 2 2 0
1.2820123 0.5684015 0.5684015 2 2 0
1.2819132 0.5690837 0.5690837 2 2 0
1.2818141 0.5697735 0.5697735 2 2 0
1.281715 0.5703053 0.5703053 2 2 0
1.281616 0.5707598 0.5707598 2 2 0
1.2815169 0.5712162 0.5712162 2 2 0
1.2814178 0.5716743 0.5716743 2 2 0
1.2813187 0.5721341 0.5721341 2 2 0
1.2812196 0.5725956 0.5725956 2 2 0
1.2811205 0.5730588 0.5730588 2 2 0
1.2810214 0.5735235 0.5735235 2 2 0
1.2809223 0.5739898 0.5739898 2 2 0
1.2808233 0.5744575 0.5744575 2 2 0
1.2807242 0.5749267 0.5749267 2 2 0
1.2806251 0.5753972 0.5753972 2 2 0
1.280526 0.576298 0.576298 2 2 0
1.2804269 0.5765113 0.5765113 2 2 0
1.2803278 0.5771579 0.5771579 2 2 0
1.2802287 0.5778107 0.5778107 2 2 0
1.2801296 0.5784697 0.5784697 2 2 0
1.2800306 0.579135 0.579135 2 2 0
1.2799315 0.5798065 0.5798065 2 2 0
1.2798324 0.5803316 0.5803316 2 2 0
1.2797333 0.5807977 0.5807977 2 2 0
1.2796342 0.5812657 0.5812657 2 2 0
1.2795351 0.5817355 0.5817355 2 2 0
1.279436 0.582207 0.582207 2 2 0
1.2793369 0.5826802 0.5826802 2 2 0
1.2792379 0.5831551 0.5831551 2 2 0
1.2791388 0.5836316 0.5836316 2 2 0
1.2790397 0.5841097 0.5841097 2 2 0
1.2789406 0.5845893 0.5845893 2 2 0
1.2788415 0.5850705 0.5850705 2 2 0
1.2787424 0.5855531 0.5855531 2 2 0
1.2786433 0.5860372 0.5860372 2 2 0
1.2785442 0.5865226 0.5865226 2 2 0
1.2784452 0.5870093 0.5870093 2 2 0
1.2783461 0.5874973 0.5874973 2 2 0
1.278247 0.5879865 0.5879865 2 2 0
1.2781479 0.5884769 0.5884769 2 2 0
1.2780488 0.5889684 0.5889684 2 2 0
1.2779497 0.5894609 0.5894609 2 2 0
1.2778506 0.5899544 0.5899544 2 2 0
1.2777515 0.5903206 0.5903206 2 2 0
1.2776525 0.5906733 0.5906733 2 2 0
1.2775534 0.5910255 0.5910255 2 2 0
1.2774543 0.5913771 0.5913771 2 2 0
1.2773552 0.5917281 0.5917281 2 2 0
1.2772561 0.5920784 0.5920784 2 2 0
1.277157 0.5924279 0.5924279 2 2 0
1.2770579 0.5927768 0.5927768 2 2 0
1.2769588 0.5933684 0.5933684 2 2 0
1.2768598 0.5936323 0.5936323 2 2 0
1.2767607 0.5941028 0.5941028 2 2 0
1.2766616 0.5945744 0.5945744 2 2 0
1.2765625 0.5950473 0.5950473 2 2 0
1.2764634 0.5955213 0.5955213 2 2 0
1.2763643 0.5959964 0.5959964 2 2 0
1.2762652 0.5964726 0.5964726 2 2 0
1.2761661 0.5969499 0.5969499 2 2 0
1.2760671 0.5974281 0.5974281 2 2 0
1.275968 0.5979073 0.5979073 2 2 0
1.2758689 0.5983874 0.5983874 2 2 0
1.2757698 0.5988684 0.5988684 2 2 0
1.2756707 0.5993502 0.5993502 2 2 0
1.2755716 0.5998327 0.5998327 2 2 0
1.2754725 0.6002335 0.6002335 2 2 0
1.2753734 0.6005904 0.6005904 2 2 0
1.2752744 0.6009469 0.6009469 2 2 0
1.2751753 0.6013029 0.6013029 2 2 0
1.2750762 0.6016583 0.6016583 2 2 0
1.2749771 0.6020132 0.6020132 2 2 0
1.274878 0.6023676 0.6023676 2 2 0
1.2747789 0.6027212 0.6027212 2 2 0
1.2746798 0.6030743 0.6030743 2 2 0
1.2745807 0.6034266 0.6034266 2 2 0
1.2744817 0.6037781 0.6037781 2 2 0
1.2743826 0.6041288 0.6041288 2 2 0
1.2742835 0.6044787 0.6044787 2 2 0
1.2741844 0.6048277 0.6048277 2 2 0
1.2740853 0.6051758 0.6051758 2 2 0
1.2739862 0.605523 0.605523 2 2 0
1.2738871 0.6058691 0.6058691 2 2 0
1.273788 0.6062141 0.6062141 2 2 0
1.273689 0.606558 0.606558 2 2 0
1.2735899 0.6069711 0.6069711 2 2 0
1.2734908 0.6074048 0.6074048 2 2 0
1.2733917 0.6077209 0.6077209 2 2 0
1.2732926 0.6081797 0.6081797 2 2 0
1.2731935 0.6086391 0.6086391 2 2 0
1.2730944 0.6090988 0.6090988 2 2 0
1.2729953 0.609559 0.609559 2 2 0
1.2728963 0.6100148 0.6100148 2 2 0
1.2727972 0.6103647 0.6103647 2 2 0
1.2726981 0.6107141 0.6107141 2 2 0
1.272599 0.611063 0.611063 2 2 0
1.2724999 0.6114113 0.6114113 2 2 0
1.2724008 0.611759 0.611759 2 2 0
1.2723017 0.6121061 0.6121061 2 2 0
1.2722026 0.6124525 0.6124525 2 2 0
1.2721036 0.6127982 0.6127982 2 2 0
1.2720045 0.6131432 0.6131432 2 2 0
1.2719054 0.6134875 0.6134875 2 2 0
1.2718063 0.6138309 0.6138309 2 2 0
1.2717072 0.6141735 0.6141735 2 2 0
1.2716081 0.6145152 0.6145152 2 2 0
1.271509 0.614856 0.614856 2 2 0
1.2714099 0.6151959 0.6151959 2 2 0
1.2713109 0.6155348 0.6155348 2 2 0
1.2712118 0.6158727 0.6158727 2 2 0
1.2711127 0.6162095 0.6162095 2 2 0
1.2710136 0.6165453 0.6165453 2 2 0
1.2709145 0.6168799 0.6168799 2 2 0
1.2708154 0.6172133 0.6172133 2 2 0
1.2707163 0.6175456 0.6175456 2 2 0
1.2706172 0.6178766 0.6178766 2 2 0
1.2705182 0.6182063 0.6182063 2 2 0
1.2704191 0.6185347 0.6185347 2 2 0
1.27032 0.6188617 0.6188617 2 2 0
1.2702209 0.6191984 0.6191984 2 2 0
1.2701218 0.6195503 0.6195503 2 2 0
1.2700227 0.6198959 0.6198959 2 2 0
1.2699236 0.6202593 0.6202593 2 2 0
1.2698245 0.6205901 0.6205901 2 2 0
1.2697255 0.6209247 0.6209247 2 2 0
1.2696264 0.6212585 0.6212585 2 2 0
1.2695273 0.6215917 0.6215917 2 2 0
1.2694282 0.6219241 0.6219241 2 2 0
1.2693291 0.6222557 0.6222557 2 2 0
1.26923 0.6225865 0.6225865 2 2 0
1.2691309 0.6229165 0.6229165 2 2 0
1.2690318 0.6232456 0.6232456 2 2 0
1.2689328 0.6235739 0.6235739 2 2 0
1.2688337 0.6239012 0.6239012 2 2 0
1.2687346 0.6242275 0.6242275 2 2 0
1.2686355 0.6245529 0.6245529 2 2 0
1.2685364 0.6248773 0.6248773 2 2 0
1.2684373 0.6252006 0.6252006 2 2 0
1.2683382 0.6255228 0.6255228 2 2 0
1.2682391 0.6258439 0.6258439 2 2 0
1.2681401 0.6261639 0.6261639 2 2 0
1.268041 0.6264827 0.6264827 2 2 0
1.2679419 0.6268003 0.6268003 2 2 0
1.2678428 0.6271167 0.6271167 2 2 0
1.2677437 0.6274318 0.6274318 2 2 0
1.2676446 0.6277457 0.6277457 2 2 0
1.2675455 0.6280581 0.6280581 2 2 0
1.2674464 0.6283693 0.6283693 2 2 0
1.2673474 0.628679 0.628679 2 2 0
1.2672483 0.6289873 0.6289873 2 2 0
1.2671492 0.6292941 0.6292941 2 2 0
1.2670501 0.6295994 0.6295994 2 2 0
1.266951 0.6299032 0.6299032 2 2 0
1.2668519 0.6301628 0.6301628 2 2 0
1.2667528 0.6304009 0.6304009 2 2 0
1.2666537 0.6307245 0.6307245 2 2 0
1.2665547 0.6310077 0.6310077 2 2 0
1.2664556 0.6313044 0.6313044 2 2 0
1.2663565 0.6316177 0.6316177 2 2 0
1.2662574 0.6319301 0.6319301 2 2 0
1.2661583 0.6322416 0.6322416 2 2 0
1.2660592 0.6325521 0.6325521 2 2 0
1.2659601 0.6328616 0.6328616 2 2 0
1.265861 0.6331701 0.6331701 2 2 0
1.265762 0.6334776 0.6334776 2 2 0
1.2656629 0.633784 0.633784 2 2 0
1.2655638 0.6340893 0.6340893 2 2 0
1.2654647 0.6343936 0.6343936 2 2 0
1.2653656 0.6346967 0.6346967 2 2 0
1.2652665 0.6349986 0.6349986 2 2 0
1.2651674 0.6352993 0.6352993 2 2 0
1.2650683 0.6355989 0.6355989 2 2 0
1.2649693 0.6358972 0.6358972 2 2 0
1.2648702 0.6361942 0.6361942 2 2 0
1.2647711 0.6364899 0.6364899 2 2 0
1.264672 0.6367843 0.6367843 2 2 0
1.2645729 0.6370774 0.6370774 2 2 0
1.2644738 0.6373691 0.6373691 2 2 0
1.2643747 0.6376593 0.6376593 2 2 0
1.2642756 0.6379482 0.6379482 2 2 0
1.2641766 0.6382356 0.6382356 2 2 0
1.2640775 0.6385215 0.6385215 2 2 0
1.2639784 0.6388059 0.6388059 2 2 0
1.2638793 0.6390887 0.6390887 2 2 0
1.2637802 0.63937 0.63937 2 2 0
1.2636811 0.6396497 0.6396497 2 2 0
1.263582 0.6399283 0.6399283 2 2 0
1.2634829 0.6401645 0.6401645 2 2 0
1.2633839 0.6403883 0.6403883 2 2 0
1.2632848 0.6407053 0.6407053 2 2 0
1.2631857 0.6409743 0.6409743 2 2 0
1.2630866 0.6412548 0.6412548 2 2 0
1.2629875 0.6415448 0.6415448 2 2 0
1.2628884 0.6418338 0.6418338 2 2 0
1.2627893 0.6421217 0.6421217 2 2 0
1.2626902 0.6424084 0.6424084 2 2 0
1.2625912 0.6426941 0.6426941 2 2 0
1.2624921 0.6429786 0.6429786 2 2 0
1.262393 0.643262 0.643262 2 2 0
1.2622939 0.6435441 0.6435441 2 2 0
1.2621948 0.6438251 0.6438251 2 2 0
1.2620957 0.6441048 0.6441048 2 2 0
1.2619966 0.6443833 0.6443833 2 2 0
1.2618975 0.6446605 0.6446605 2 2 0
1.2617985 0.6449364 0.6449364 2 2 0
1.2616994 0.645211 0.645211 2 2 0
1.2616003 0.6454842 0.6454842 2 2 0
1.2615012 0.6457561 0.6457561 2 2 0
1.2614021 0.6460266 0.6460266 2 2 0
1.261303 0.6462956 0.6462956 2 2 0
1.2612039 0.6465633 0.6465633 2 2 0
1.2611048 0.6468295 0.6468295 2 2 0
1.2610058 0.6470942 0.6470942 2 2 0
1.2609067 0.6473574 0.6473574 2 2 0
1.2608076 0.6476191 0.6476191 2 2 0
1.2607085 0.6478792 0.6478792 2 2 0
1.2606094 0.6481378 0.6481378 2 2 0
1.2605103 0.6483948 0.6483948 2 2 0
1.2604112 0.6486502 0.6486502 2 2 0
1.2603121 0.6489089 0.6489089 2 2 0
1.2602131 0.649187 0.649187 2 2 0
1.260114 0.6494527 0.6494527 2 2 0
1.2600149 0.649724 0.649724 2 2 0
1.2599158 0.6500449 0.6500449 2 2 0
1.2598167 0.6503128 0.6503128 2 2 0
1.2597176 0.6505801 0.6505801 2 2 0
1.2596185 0.6508464 0.6508464 2 2 0
1.2595195 0.6511116 0.6511116 2 2 0
1.2594204 0.6513756 0.6513756 2 2 0
1.2593213 0.6516384 0.6516384 2 2 0
1.2592222 0.6519001 0.6519001 2 2 0
1.2591231 0.6521605 0.6521605 2 2 0
1.259024 0.6524196 0.6524196 2 2 0
1.2589249 0.6526775 0.6526775 2 2 0
1.2588258 0.6529341 0.6529341 2 2 0
1.2587268 0.6531894 0.6531894 2 2 0
1.2586277 0.6534434 0.6534434 2 2 0
1.2585286 0.653696 0.653696 2 2 0
1.2584295 0.6539473 0.6539473 2 2 0
1.2583304 0.6541972 0.6541972 2 2 0
1.2582313 0.6544458 0.6544458 2 2 0
1.2581322 0.6546929 0.6546929 2 2 0
1.2580331 0.6549386 0.6549386 2 2 0
1.2579341 0.6551828 0.6551828 2 2 0
1.257835 0.6554255 0.6554255 2 2 0
1.2577359 0.6556668 0.6556668 2 2 0
1.2576368 0.6559066 0.6559066 2 2 0
1.2575377 0.6561448 0.6561448 2 2 0
1.2574386 0.6563815 0.6563815 2 2 0
1.2573395 0.6566166 0.6566166 2 2 0
1.2572404 0.6568502 0.6568502 2 2 0
1.2571414 0.6570821 0.6570821 2 2 0
1.2570423 0.6573332 0.6573332 2 2 0
1.2569432 0.6576382 0.6576382 2 2 0
1.2568441 0.6578579 0.6578579 2 2 0
1.256745 0.6580874 0.6580874 2 2 0
1.2566459 0.6583858 0.6583858 2 2 0
1.2565468 0.658683 0.658683 2 2 0
1.2564477 0.6589791 0.6589791 2 2 0
1.2563487 0.6592739 0.6592739 2 2 0
1.2562496 0.6595674 0.6595674 2 2 0
1.2561505 0.6598596 0.6598596 2 2 0
1.2560514 0.6601246 0.6601246 2 2 0
1.2559523 0.6603642 0.6603642 2 2 0
1.2558532 0.6606025 0.6606025 2 2 0
1.2557541 0.6608395 0.6608395 2 2 0
1.255655 0.6610753 0.6610753 2 2 0
1.255556 0.6613097 0.6613097 2 2 0
1.2554569 0.6615428 0.6615428 2 2 0
1.2553578 0.6617746 0.6617746 2 2 0
1.2552587 0.6620051 0.6620051 2 2 0
1.2551596 0.6622342 0.6622342 2 2 0
1.2550605 0.6624619 0.6624619 2 2 0
1.2549614 0.6626882 0.6626882 2 2 0
1.2548623 0.6629131 0.6629131 2 2 0
1.2547633 0.6631365 0.6631365 2 2 0
1.2546642 0.6633586 0.6633586 2 2 0
1.2545651 0.6635791 0.6635791 2 2 0
1.254466 0.6637982 0.6637982 2 2 0
1.2543669 0.6640158 0.6640158 2 2 0
1.2542678 0.664232 0.664232 2 2 0
1.2541687 0.6644465 0.6644465 2 2 0
1.2540696 0.6646596 0.6646596 2 2 0
1.2539706 0.6648711 0.6648711 2 2 0
1.2538715 0.665081 0.665081 2 2 0
1.2537724 0.6653752 0.6653752 2 2 0
1.2536733 0.6656797 0.6656797 2 2 0
1.2535742 0.6657928 0.6657928 2 2 0
1.2534751 0.6660507 0.6660507 2 2 0
1.253376 0.6663202 0.6663202 2 2 0
1.2532769 0.6665885 0.6665885 2 2 0
1.2531779 0.6668555 0.6668555 2 2 0
1.2530788 0.6671212 0.6671212 2 2 0
1.2529797 0.6673856 0.6673856 2 2 0
1.2528806 0.6676487 0.6676487 2 2 0
1.2527815 0.6679104 0.6679104 2 2 0
1.2526824 0.6681708 0.6681708 2 2 0
1.2525833 0.6684298 0.6684298 2 2 0
1.2524842 0.6686875 0.6686875 2 2 0
1.2523852 0.6689437 0.6689437 2 2 0
1.2522861 0.6691985 0.6691985 2 2 0
1.252187 0.6694519 0.6694519 2 2 0
1.2520879 0.6697038 0.6697038 2 2 0
1.2519888 0.6699542 0.6699542 2 2 0
1.2518897 0.6701699 0.6701699 2 2 0
1.2517906 0.6703768 0.6703768 2 2 0
1.2516915 0.6705823 0.6705823 2 2 0
1.2515925 0.6707864 0.6707864 2 2 0
1.2514934 0.6709891 0.6709891 2 2 0
1.2513943 0.6711905 0.6711905 2 2 0
1.2512952 0.6713903 0.6713903 2 2 0
1.2511961 0.6715888 0.6715888 2 2 0
1.251097 0.6717857 0.6717857 2 2 0
1.2509979 0.6719812 0.6719812 2 2 0
1.2508988 0.6721753 0.6721753 2 2 0
1.2507998 0.6723678 0.6723678 2 2 0
1.2507007 0.6725588 0.6725588 2 2 0
1.2506016 0.6728204 0.6728204 2 2 0
1.2505025 0.673086 0.673086 2 2 0
1.2504034 0.6732517 0.6732517 2 2 0
1.2503043 0.6734631 0.6734631 2 2 0
1.2502052 0.6737075 0.6737075 2 2 0
1.2501061 0.6739506 0.6739506 2 2 0
1.2500071 0.6741925 0.6741925 2 2 0
1.249908 0.674433 0.674433 2 2 0
1.2498089 0.6746723 0.6746723 2 2 0
1.2497098 0.6749103 0.6749103 2 2 0
1.2496107 0.6751469 0.6751469 2 2 0
1.2495116 0.6753822 0.6753822 2 2 0
1.2494125 0.6756161 0.6756161 2 2 0
1.2493134 0.6758486 0.6758486 2 2 0
1.2492144 0.6760798 0.6760798 2 2 0
1.2491153 0.6763096 0.6763096 2 2 0
1.2490162 0.6765379 0.6765379 2 2 0
1.2489171 0.6767648 0.6767648 2 2 0
1.248818 0.6769903 0.6769903 2 2 0
1.2487189 0.6772143 0.6772143 2 2 0
1.2486198 0.6774368 0.6774368 2 2 0
1.2485207 0.6776578 0.6776578 2 2 0
1.2484217 0.6778774 0.6778774 2 2 0
1.2483226 0.6780954 0.6780954 2 2 0
1.2482235 0.6783119 0.6783119 2 2 0
1.2481244 0.6785268 0.6785268 2 2 0
1.2480253 0.6787401 0.6787401 2 2 0
1.2479262 0.6789519 0.6789519 2 2 0
1.2478271 0.6791621 0.6791621 2 2 0
1.247728 0.6793766 0.6793766 2 2 0
1.247629 0.6795904 0.6795904 2 2 0
1.2475299 0.6797957 0.6797957 2 2 0
1.2474308 0.680013 0.680013 2 2 0
1.2473317 0.6802462 0.6802462 2 2 0
1.2472326 0.6804683 0.6804683 2 2 0
1.2471335 0.6806853 0.6806853 2 2 0
1.2470344 0.6809062 0.6809062 2 2 0
1.2469353 0.6811266 0.6811266 2 2 0
1.2468363 0.6813457 0.6813457 2 2 0
1.2467372 0.6815636 0.6815636 2 2 0
1.2466381 0.6817802 0.6817802 2 2 0
1.246539 0.6819955 0.6819955 2 2 0
1.2464399 0.6822095 0.6822095 2 2 0
1.2463408 0.6824222 0.6824222 2 2 0
1.2462417 0.6826335 0.6826335 2 2 0
1.2461426 0.6828436 0.6828436 2 2 0
1.2460436 0.6830522 0.6830522 2 2 0
1.2459445 0.6832595 0.6832595 2 2 0
1.2458454 0.6834654 0.6834654 2 2 0
1.2457463 0.6836699 0.6836699 2 2 0
1.2456472 0.683873 0.683873 2 2 0
1.2455481 0.6840747 0.6840747 2 2 0
1.245449 0.6842749 0.6842749 2 2 0
1.2453499 0.6844738 0.6844738 2 2 0
1.2452509 0.6846711 0.6846711 2 2 0
1.2451518 0.684867 0.684867 2 2 0
1.2450527 0.6850615 0.6850615 2 2 0
1.2449536 0.6852544 0.6852544 2 2 0
1.2448545 0.6854459 0.6854459 2 2 0
1.2447554 0.6856358 0.6856358 2 2 0
1.2446563 0.6858242 0.6858242 2 2 0
1.2445572 0.6860656 0.6860656 2 2 0
1.2444582 0.6863458 0.6863458 2 2 0
1.2443591 0.6864688 0.6864688 2 2 0
1.24426 0.6866635 0.6866635 2 2 0
1.2441609 0.6869024 0.6869024 2 2 0
1.2440618 0.6871401 0.6871401 2 2 0
1.2439627 0.6873764 0.6873764 2 2 0
1.2438636 0.6876114 0.6876114 2 2 0
1.2437645 0.6878451 0.6878451 2 2 0
1.2436655 0.6880774 0.6880774 2 2 0
1.2435664 0.6883083 0.6883083 2 2 0
1.2434673 0.6885378 0.6885378 2 2 0
1.2433682 0.688766 0.688766 2 2 0
1.2432691 0.6889927 0.6889927 2 2 0
1.24317 0.689218 0.689218 2 2 0
1.2430709 0.6894419 0.6894419 2 2 0
1.2429718 0.6896643 0.6896643 2 2 0
1.2428728 0.6898852 0.6898852 2 2 0
1.2427737 0.6900892 0.6900892 2 2 0
1.2426746 0.6902749 0.6902749 2 2 0
1.2425755 0.6904593 0.6904593 2 2 0
1.2424764 0.6906423 0.6906423 2 2 0
1.2423773 0.6908239 0.6908239 2 2 0
1.2422782 0.6910042 0.6910042 2 2 0
1.2421791 0.691183 0.691183 2 2 0
1.2420801 0.6913605 0.6913605 2 2 0
1.241981 0.6915366 0.6915366 2 2 0
1.2418819 0.6917113 0.6917113 2 2 0
1.2417828 0.6918845 0.6918845 2 2 0
1.2416837 0.6920563 0.6920563 2 2 0
1.2415846 0.6922267 0.6922267 2 2 0
1.2414855 0.6924445 0.6924445 2 2 0
1.2413864 0.6926961 0.6926961 2 2 0
1.2412874 0.6928533 0.6928533 2 2 0
1.2411883 0.6930349 0.6930349 2 2 0
1.2410892 0.6932404 0.6932404 2 2 0
1.2409901 0.6934547 0.6934547 2 2 0
1.240891 0.6936678 0.6936678 2 2 0
1.2407919 0.6938796 0.6938796 2 2 0
1.2406928 0.6940901 0.6940901 2 2 0
1.2405937 0.6942993 0.6942993 2 2 0
1.2404947 0.6945072 0.6945072 2 2 0
1.2403956 0.6947137 0.6947137 2 2 0
1.2402965 0.6949188 0.6949188 2 2 0
1.2401974 0.6951226 0.6951226 2 2 0
1.2400983 0.6953251 0.6953251 2 2 0
1.2399992 0.6955261 0.6955261 2 2 0
1.2399001 0.6957258 0.6957258 2 2 0
1.239801 0.695924 0.695924 2 2 0
1.239702 0.6961208 0.6961208 2 2 0
1.2396029 0.6963162 0.6963162 2 2 0
1.2395038 0.6965102 0.6965102 2 2 0
1.2394047 0.6967027 0.6967027 2 2 0
1.2393056 0.6968938 0.6968938 2 2 0
1.2392065 0.6970834 0.6970834 2 2 0
1.2391074 0.6972715 0.6972715 2 2 0
1.2390083 0.6974581 0.6974581 2 2 0
1.2389093 0.6976432 0.6976432 2 2 0
1.2388102 0.6978268 0.6978268 2 2 0
1.2387111 0.6980304 0.6980304 2 2 0
1.238612 0.6982421 0.6982421 2 2 0
1.2385129 0.6984524 0.6984524 2 2 0
1.2384138 0.6985853 0.6985853 2 2 0
1.2383147 0.6988161 0.6988161 2 2 0
1.2382156 0.6990456 0.6990456 2 2 0
1.2381166 0.6992737 0.6992737 2 2 0
1.2380175 0.6995005 0.6995005 2 2 0
1.2379184 0.699726 0.699726 2 2 0
1.2378193 0.69995 0.69995 2 2 0
1.2377202 0.7001483 0.7001483 2 2 0
1.2376211 0.7003383 0.7003383 2 2 0
1.237522 0.700527 0.700527 2 2 0
1.2374229 0.7007144 0.7007144 2 2 0
1.2373239 0.7009006 0.7009006 2 2 0
1.2372248 0.7010854 0.7010854 2 2 0
1.2371257 0.701269 0.701269 2 2 0
1.2370266 0.7014512 0.7014512 2 2 0
1.2369275 0.7016321 0.7016321 2 2 0
1.2368284 0.7018116 0.7018116 2 2 0
1.2367293 0.7019898 0.7019898 2 2 0
1.2366302 0.7021667 0.7021667 2 2 0
1.2365312 0.7023422 0.7023422 2 2 0
1.2364321 0.7025164 0.7025164 2 2 0
1.236333 0.7026891 0.7026891 2 2 0
1.2362339 0.7028605 0.7028605 2 2 0
1.2361348 0.7030305 0.7030305 2 2 0
1.2360357 0.703199 0.703199 2 2 0
1.2359366 0.7033662 0.7033662 2 2 0
1.2358375 0.7035319 0.7035319 2 2 0
1.2357385 0.7036962 0.7036962 2 2 0
1.2356394 0.7039426 0.7039426 2 2 0
1.2355403 0.7041707 0.7041707 2 2 0
1.2354412 0.704295 0.704295 2 2 0
1.2353421 0.7044574 0.7044574 2 2 0
1.235243 0.7046619 0.7046619 2 2 0
1.2351439 0.7048673 0.7048673 2 2 0
1.2350448 0.7050713 0.7050713 2 2 0
1.2349458 0.7052741 0.7052741 2 2 0
1.2348467 0.7054755 0.7054755 2 2 0
1.2347476 0.7056756 0.7056756 2 2 0
1.2346485 0.7058744 0.7058744 2 2 0
1.2345494 0.7060718 0.7060718 2 2 0
1.2344503 0.7062679 0.7062679 2 2 0
1.2343512 0.7064626 0.7064626 2 2 0
1.2342521 0.7066559 0.7066559 2 2 0
1.2341531 0.7068479 0.7068479 2 2 0
1.234054 0.7070384 0.7070384 2 2 0
1.2339549 0.7072276 0.7072276 2 2 0
1.2338558 0.7074153 0.7074153 2 2 0
1.2337567 0.7076016 0.7076016 2 2 0
1.2336576 0.7077865 0.7077865 2 2 0
1.2335585 0.7079699 0.7079699 2 2 0
1.2334594 0.7081519 0.7081519 2 2 0
1.2333604 0.7083324 0.7083324 2 2 0
1.2332613 0.7085114 0.7085114 2 2 0
1.2331622 0.7086889 0.7086889 2 2 0
1.2330631 0.7088683 0.7088683 2 2 0
1.232964 0.7090527 0.7090527 2 2 0
1.2328649 0.7092364 0.7092364 2 2 0
1.2327658 0.7094151 0.7094151 2 2 0
1.2326667 0.7095762 0.7095762 2 2 0
1.2325677 0.7097961 0.7097961 2 2 0
1.2324686 0.7100129 0.7100129 2 2 0
1.2323695 0.7102026 0.7102026 2 2 0
1.2322704 0.7103876 0.7103876 2 2 0
1.2321713 0.7105724 0.7105724 2 2 0
1.2320722 0.7107566 0.7107566 2 2 0
1.2319731 0.7109395 0.7109395 2 2 0
1.2318741 0.7111211 0.7111211 2 2 0
1.231775 0.7113014 0.7113014 2 2 0
1.2316759 0.7114805 0.7114805 2 2 0
1.2315768 0.7116583 0.7116583 2 2 0
1.2314777 0.7118348 0.7118348 2 2 0
1.2313786 0.7120101 0.7120101 2 2 0
1.2312795 0.712184 0.712184 2 2 0
1.2311804 0.7123566 0.7123566 2 2 0
1.2310814 0.7125278 0.7125278 2 2 0
1.2309823 0.7126978 0.7126978 2 2 0
1.2308832 0.7128664 0.7128664 2 2 0
1.2307841 0.7130336 0.7130336 2 2 0
1.230685 0.7131995 0.7131995 2 2 0
1.2305859 0.713364 0.713364 2 2 0
1.2304868 0.7135272 0.7135272 2 2 0
1.2303877 0.7136889 0.7136889 2 2 0
1.2302887 0.7138493 0.7138493 2 2 0
1.2301896 0.7140083 0.7140083 2 2 0
1.2300905 0.7141659 0.7141659 2 2 0
1.2299914 0.7143717 0.7143717 2 2 0
1.2298923 0.7146272 0.7146272 2 2 0
1.2297932 0.7147528 0.7147528 2 2 0
1.2296941 0.7148912 0.7148912 2 2 0
1.229595 0.7150671 0.7150671 2 2 0
1.229496 0.7152627 0.7152627 2 2 0
1.2293969 0.7154569 0.7154569 2 2 0
1.2292978 0.7156499 0.7156499 2 2 0
1.2291987 0.7158416 0.7158416 2 2 0
1.2290996 0.7160319 0.7160319 2 2 0
1.2290005 0.7162209 0.7162209 2 2 0
1.2289014 0.7164086 0.7164086 2 2 0
1.2288023 0.716595 0.716595 2 2 0
1.2287033 0.71678 0.71678 2 2 0
1.2286042 0.7169636 0.7169636 2 2 0
1.2285051 0.7171459 0.7171459 2 2 0
1.228406 0.7173268 0.7173268 2 2 0
1.2283069 0.7175063 0.7175063 2 2 0
1.2282078 0.7176844 0.7176844 2 2 0
1.2281087 0.7178611 0.7178611 2 2 0
1.2280096 0.7180364 0.7180364 2 2 0
1.2279106 0.7182102 0.7182102 2 2 0
1.2278115 0.7183827 0.7183827 2 2 0
1.2277124 0.7185537 0.7185537 2 2 0
1.2276133 0.7187232 0.7187232 2 2 0
1.2275142 0.7188913 0.7188913 2 2 0
1.2274151 0.719067 0.719067 2 2 0
1.227316 0.7192385 0.7192385 2 2 0
1.2272169 0.7194103 0.7194103 2 2 0
1.2271179 0.7195743 0.7195743 2 2 0
1.2270188 0.7197485 0.7197485 2 2 0
1.2269197 0.7199556 0.7199556 2 2 0
1.2268206 0.7201429 0.7201429 2 2 0
1.2267215 0.7203212 0.7203212 2 2 0
1.2266224 0.7204953 0.7204953 2 2 0
1.2265233 0.7206705 0.7206705 2 2 0
1.2264242 0.7208447 0.7208447 2 2 0
1.2263252 0.7210177 0.7210177 2 2 0
1.2262261 0.7211895 0.7211895 2 2 0
1.226127 0.72136 0.72136 2 2 0
1.2260279 0.7215292 0.7215292 2 2 0
1.2259288 0.7216972 0.7216972 2 2 0
1.2258297 0.7218639 0.7218639 2 2 0
1.2257306 0.7220293 0.7220293 2 2 0
1.2256315 0.7221934 0.7221934 2 2 0
1.2255325 0.7223562 0.7223562 2 2 0
1.2254334 0.7225177 0.7225177 2 2 0
1.2253343 0.7226779 0.7226779 2 2 0
1.2252352 0.7228368 0.7228368 2 2 0
1.2251361 0.7229943 0.7229943 2 2 0
1.225037 0.7231505 0.7231505 2 2 0
1.2249379 0.7233054 0.7233054 2 2 0
1.2248388 0.7234589 0.7234589 2 2 0
1.2247398 0.7236111 0.7236111 2 2 0
1.2246407 0.7237619 0.7237619 2 2 0
1.2245416 0.723917 0.723917 2 2 0
1.2244425 0.7241241 0.7241241 2 2 0
1.2243434 0.7243541 0.7243541 2 2 0
1.2242443 0.7244691 0.7244691 2 2 0
1.2241452 0.7246086 0.7246086 2 2 0
1.2240461 0.7247714 0.7247714 2 2 0
1.2239471 0.7249558 0.7249558 2 2 0
1.223848 0.725139 0.725139 2 2 0
1.2237489 0.7253208 0.7253208 2 2 0
1.2236498 0.7255014 0.7255014 2 2 0
1.2235507 0.7256807 0.7256807 2 2 0
1.2234516 0.7258587 0.7258587 2 2 0
1.2233525 0.7260353 0.7260353 2 2 0
1.2232534 0.7262107 0.7262107 2 2 0
1.2231544 0.7263847 0.7263847 2 2 0
1.2230553 0.7265574 0.7265574 2 2 0
1.2229562 0.7267287 0.7267287 2 2 0
1.2228571 0.7268987 0.7268987 2 2 0
1.222758 0.7270673 0.7270673 2 2 0
1.2226589 0.7272346 0.7272346 2 2 0
1.2225598 0.7274004 0.7274004 2 2 0
1.2224607 0.7275649 0.7275649 2 2 0
1.2223617 0.727728 0.727728 2 2 0
1.2222626 0.7278897 0.7278897 2 2 0
1.2221635 0.72805 0.72805 2 2 0
1.2220644 0.7282089 0.7282089 2 2 0
1.2219653 0.7283802 0.7283802 2 2 0
1.2218662 0.7285478 0.7285478 2 2 0
1.2217671 0.7287215 0.7287215 2 2 0
1.221668 0.7288884 0.7288884 2 2 0
1.221569 0.7290174 0.7290174 2 2 0
1.2214699 0.729212 0.729212 2 2 0
1.2213708 0.7294053 0.7294053 2 2 0
1.2212717 0.7295973 0.7295973 2 2 0
1.2211726 0.729788 0.729788 2 2 0
1.2210735 0.7299773 0.7299773 2 2 0
1.2209744 0.7301447 0.7301447 2 2 0
1.2208753 0.7303081 0.7303081 2 2 0
1.2207763 0.7304703 0.7304703 2 2 0
1.2206772 0.7306312 0.7306312 2 2 0
1.2205781 0.7307909 0.7307909 2 2 0
1.220479 0.7309493 0.7309493 2 2 0
1.2203799 0.7311065 0.7311065 2 2 0
1.2202808 0.7312624 0.7312624 2 2 0
1.2201817 0.7314171 0.7314171 2 2 0
1.2200826 0.7315705 0.7315705 2 2 0
1.2199836 0.7317226 0.7317226 2 2 0
1.2198845 0.7318735 0.7318735 2 2 0
1.2197854 0.732023 0.732023 2 2 0
1.2196863 0.7321713 0.7321713 2 2 0
1.2195872 0.7323182 0.7323182 2 2 0
1.2194881 0.7324639 0.7324639 2 2 0
1.219389 0.7326082 0.7326082 2 2 0
1.2192899 0.7327513 0.7327513 2 2 0
1.2191909 0.7328929 0.7328929 2 2 0
1.2190918 0.7330619 0.7330619 2 2 0
1.2189927 0.7332896 0.7332896 2 2 0
1.2188936 0.7334326 0.7334326 2 2 0
1.2187945 0.7335632 0.7335632 2 2 0
1.2186954 0.7337111 0.7337111 2 2 0
1.2185963 0.7338701 0.7338701 2 2 0
1.2184972 0.7340426 0.7340426 2 2 0
1.2183982 0.7342139 0.7342139 2 2 0
1.2182991 0.7343839 0.7343839 2 2 0
1.2182 0.7345527 0.7345527 2 2 0
1.2181009 0.7347202 0.7347202 2 2 0
1.2180018 0.7348864 0.7348864 2 2 0
1.2179027 0.7350513 0.7350513 2 2 0
1.2178036 0.7352149 0.7352149 2 2 0
1.2177045 0.7353772 0.7353772 2 2 0
1.2176055 0.7355383 0.7355383 2 2 0
1.2175064 0.735698 0.735698 2 2 0
1.2174073 0.7358563 0.7358563 2 2 0
1.2173082 0.7360134 0.7360134 2 2 0
1.2172091 0.7361691 0.7361691 2 2 0
1.21711 0.7363235 0.7363235 2 2 0
1.2170109 0.7364765 0.7364765 2 2 0
1.2169118 0.7366282 0.7366282 2 2 0
1.2168128 0.7367785 0.7367785 2 2 0
1.2167137 0.7369305 0.7369305 2 2 0
1.2166146 0.7371012 0.7371012 2 2 0
1.2165155 0.7372728 0.7372728 2 2 0
1.2164164 0.7374545 0.7374545 2 2 0
1.2163173 0.7375929 0.7375929 2 2 0
1.2162182 0.7377064 0.7377064 2 2 0
1.2161191 0.737888 0.737888 2 2 0
1.2160201 0.7380684 0.7380684 2 2 0
1.215921 0.7382474 0.7382474 2 2 0
1.2158219 0.7384252 0.7384252 2 2 0
1.2157228 0.7386017 0.7386017 2 2 0
1.2156237 0.7387768 0.7387768 2 2 0
1.2155246 0.7389506 0.7389506 2 2 0
1.2154255 0.7391232 0.7391232 2 2 0
1.2153264 0.7392943 0.7392943 2 2 0
1.2152274 0.7394642 0.7394642 2 2 0
1.2151283 0.7396326 0.7396326 2 2 0
1.2150292 0.7397998 0.7397998 2 2 0
1.2149301 0.7399655 0.7399655 2 2 0
1.214831 0.7401143 0.7401143 2 2 0
1.2147319 0.7402578 0.7402578 2 2 0
1.2146328 0.7404 0.7404 2 2 0
1.2145337 0.740541 0.740541 2 2 0
1.2144347 0.7406807 0.7406807 2 2 0
1.2143356 0.7408191 0.7408191 2 2 0
1.2142365 0.7409563 0.7409563 2 2 0
1.2141374 0.7410922 0.7410922 2 2 0
1.2140383 0.7412269 0.7412269 2 2 0
1.2139392 0.7413602 0.7413602 2 2 0
1.2138401 0.7414965 0.7414965 2 2 0
1.213741 0.7417048 0.7417048 2 2 0
1.213642 0.7418517 0.7418517 2 2 0
1.2135429 0.741994 0.741994 2 2 0
1.2134438 0.7421454 0.7421454 2 2 0
1.2133447 0.7422935 0.7422935 2 2 0
1.2132456 0.7424496 0.7424496 2 2 0
1.2131465 0.7426099 0.7426099 2 2 0
1.2130474 0.742769 0.742769 2 2 0
1.2129483 0.7429269 0.7429269 2 2 0
1.2128493 0.7430835 0.7430835 2 2 0
1.2127502 0.7432389 0.7432389 2 2 0
1.2126511 0.743393 0.743393 2 2 0
1.212552 0.7435459 0.7435459 2 2 0
1.2124529 0.7436975 0.7436975 2 2 0
1.2123538 0.7438479 0.7438479 2 2 0
1.2122547 0.7439969 0.7439969 2 2 0
1.2121556 0.7441447 0.7441447 2 2 0
1.2120566 0.7442912 0.7442912 2 2 0
1.2119575 0.7444365 0.7444365 2 2 0
1.2118584 0.7445804 0.7445804 2 2 0
1.2117593 0.744723 0.744723 2 2 0
1.2116602 0.7448643 0.7448643 2 2 0
1.2115611 0.7450043 0.7450043 2 2 0
1.211462 0.7451568 0.7451568 2 2 0
1.2113629 0.7453275 0.7453275 2 2 0
1.2112639 0.7455204 0.7455204 2 2 0
1.2111648 0.7456756 0.7456756 2 2 0
1.2110657 0.7457778 0.7457778 2 2 0
1.2109666 0.7459065 0.7459065 2 2 0
1.2108675 0.7460748 0.7460748 2 2 0
1.2107684 0.7462421 0.7462421 2 2 0
1.2106693 0.7464082 0.7464082 2 2 0
1.2105702 0.746573 0.746573 2 2 0
1.2104712 0.7467365 0.7467365 2 2 0
1.2103721 0.7468987 0.7468987 2 2 0
1.210273 0.7470597 0.7470597 2 2 0
1.2101739 0.7472193 0.7472193 2 2 0
1.2100748 0.7473777 0.7473777 2 2 0
1.2099757 0.7475348 0.7475348 2 2 0
1.2098766 0.7476905 0.7476905 2 2 0
1.2097775 0.7478449 0.7478449 2 2 0
1.2096785 0.7479981 0.7479981 2 2 0
1.2095794 0.7481498 0.7481498 2 2 0
1.2094803 0.7483003 0.7483003 2 2 0
1.2093812 0.7484494 0.7484494 2 2 0
1.2092821 0.7485971 0.7485971 2 2 0
1.209183 0.7487442 0.7487442 2 2 0
1.2090839 0.7488972 0.7488972 2 2 0
1.2089848 0.7490467 0.7490467 2 2 0
1.2088858 0.749195 0.749195 2 2 0
1.2087867 0.7493417 0.7493417 2 2 0
1.2086876 0.7494831 0.7494831 2 2 0
1.2085885 0.7496301 0.7496301 2 2 0
1.2084894 0.7498054 0.7498054 2 2 0
1.2083903 0.7499796 0.7499796 2 2 0
1.2082912 0.7501366 0.7501366 2 2 0
1.2081921 0.7502885 0.7502885 2 2 0
1.2080931 0.7504373 0.7504373 2 2 0
1.207994 0.7505862 0.7505862 2 2 0
1.2078949 0.7507343 0.7507343 2 2 0
1.2077958 0.7508812 0.7508812 2 2 0
1.2076967 0.7510269 0.7510269 2 2 0
1.2075976 0.7511714 0.7511714 2 2 0
1.2074985 0.7513147 0.7513147 2 2 0
1.2073994 0.7514568 0.7514568 2 2 0
1.2073004 0.7515977 0.7515977 2 2 0
1.2072013 0.7517373 0.7517373 2 2 0
1.2071022 0.7518757 0.7518757 2 2 0
1.2070031 0.7520129 0.7520129 2 2 0
1.206904 0.7521488 0.7521488 2 2 0
1.2068049 0.7522834 0.7522834 2 2 0
1.2067058 0.7524169 0.7524169 2 2 0
1.2066067 0.752549 0.752549 2 2 0
1.2065077 0.7526799 0.7526799 2 2 0
1.2064086 0.7528095 0.7528095 2 2 0
1.2063095 0.7529699 0.7529699 2 2 0
1.2062104 0.7531721 0.7531721 2 2 0
1.2061113 0.7533061 0.7533061 2 2 0
1.2060122 0.7534266 0.7534266 2 2 0
1.2059131 0.7535637 0.7535637 2 2 0
1.205814 0.7536978 0.7536978 2 2 0
1.205715 0.753851 0.753851 2 2 0
1.2056159 0.7540054 0.7540054 2 2 0
1.2055168 0.7541587 0.7541587 2 2 0
1.2054177 0.7543107 0.7543107 2 2 0
1.2053186 0.7544614 0.7544614 2 2 0
1.2052195 0.754611 0.754611 2 2 0
1.2051204 0.7547592 0.7547592 2 2 0
1.2050214 0.7549063 0.7549063 2 2 0
1.2049223 0.755052 0.755052 2 2 0
1.2048232 0.7551965 0.7551965 2 2 0
1.2047241 0.7553398 0.7553398 2 2 0
1.204625 0.7554818 0.7554818 2 2 0
1.2045259 0.7556224 0.7556224 2 2 0
1.2044268 0.7557618 0.7557618 2 2 0
1.2043277 0.7559 0.7559 2 2 0
1.2042287 0.7560368 0.7560368 2 2 0
1.2041296 0.7561738 0.7561738 2 2 0
1.2040305 0.7563321 0.7563321 2 2 0
1.2039314 0.7564871 0.7564871 2 2 0
1.2038323 0.7566589 0.7566589 2 2 0
1.2037332 0.7568138 0.7568138 2 2 0
1.2036341 0.7569039 0.7569039 2 2 0
1.203535 0.7570338 0.7570338 2 2 0
1.203436 0.7571956 0.7571956 2 2 0
1.2033369 0.7573562 0.7573562 2 2 0
1.2032378 0.7575155 0.7575155 2 2 0
1.2031387 0.7576736 0.7576736 2 2 0
1.2030396 0.7578304 0.7578304 2 2 0
1.2029405 0.757986 0.757986 2 2 0
1.2028414 0.7581402 0.7581402 2 2 0
1.2027423 0.7582932 0.7582932 2 2 0
1.2026433 0.7584449 0.7584449 2 2 0
1.2025442 0.7585953 0.7585953 2 2 0
1.2024451 0.7587444 0.7587444 2 2 0
1.202346 0.7588922 0.7588922 2 2 0
1.2022469 0.7590387 0.7590387 2 2 0
1.2021478 0.7591839 0.7591839 2 2 0
1.2020487 0.7593277 0.7593277 2 2 0
1.2019496 0.7594702 0.7594702 2 2 0
1.2018506 0.7596133 0.7596133 2 2 0
1.2017515 0.7597541 0.7597541 2 2 0
1.2016524 0.7598917 0.7598917 2 2 0
1.2015533 0.7600238 0.7600238 2 2 0
1.2014542 0.7601445 0.7601445 2 2 0
1.2013551 0.7602639 0.7602639 2 2 0
1.201256 0.7604241 0.7604241 2 2 0
1.2011569 0.7605726 0.7605726 2 2 0
1.2010579 0.760717 0.760717 2 2 0
1.2009588 0.7608615 0.7608615 2 2 0
1.2008597 0.761003 0.761003 2 2 0
1.2007606 0.7611418 0.7611418 2 2 0
1.2006615 0.7612831 0.7612831 2 2 0
1.2005624 0.7614251 0.7614251 2 2 0
1.2004633 0.7615659 0.7615659 2 2 0
1.2003642 0.7617055 0.7617055 2 2 0
1.2002652 0.7618439 0.7618439 2 2 0
1.2001661 0.7619811 0.7619811 2 2 0
1.200067 0.7621171 0.7621171 2 2 0
1.1999679 0.7622519 0.7622519 2 2 0
1.1998688 0.7623855 0.7623855 2 2 0
1.1997697 0.7625179 0.7625179 2 2 0
1.1996706 0.762649 0.762649 2 2 0
1.1995715 0.7627789 0.7627789 2 2 0
1.1994725 0.7629076 0.7629076 2 2 0
1.1993734 0.763035 0.763035 2 2 0
1.1992743 0.7631612 0.7631612 2 2 0
1.1991752 0.7632861 0.7632861 2 2 0
1.1990761 0.7634479 0.7634479 2 2 0
1.198977 0.7636336 0.7636336 2 2 0
1.1988779 0.7637701 0.7637701 2 2 0
1.1987788 0.7638802 0.7638802 2 2 0
1.1986798 0.7640097 0.7640097 2 2 0
1.1985807 0.7641365 0.7641365 2 2 0
1.1984816 0.7642791 0.7642791 2 2 0
1.1983825 0.7644267 0.7644267 2 2 0
1.1982834 0.7645732 0.7645732 2 2 0
1.1981843 0.7647184 0.7647184 2 2 0
1.1980852 0.7648624 0.7648624 2 2 0
1.1979861 0.7650052 0.7650052 2 2 0
1.1978871 0.7651467 0.7651467 2 2 0
1.197788 0.765287 0.765287 2 2 0
1.1976889 0.7654261 0.7654261 2 2 0
1.1975898 0.7655639 0.7655639 2 2 0
1.1974907 0.7657005 0.7657005 2 2 0
1.1973916 0.7658358 0.7658358 2 2 0
1.1972925 0.7659698 0.7659698 2 2 0
1.1971934 0.7661026 0.7661026 2 2 0
1.1970944 0.7662341 0.7662341 2 2 0
1.1969953 0.7663712 0.7663712 2 2 0
1.1968962 0.7665208 0.7665208 2 2 0
1.1967971 0.7666673 0.7666673 2 2 0
1.196698 0.7668273 0.7668273 2 2 0
1.1965989 0.7669842 0.7669842 2 2 0
1.1964998 0.7670672 0.7670672 2 2 0
1.1964007 0.7671845 0.7671845 2 2 0
1.1963017 0.7673388 0.7673388 2 2 0
1.1962026 0.7674919 0.7674919 2 2 0
1.1961035 0.7676437 0.7676437 2 2 0
1.1960044 0.7677943 0.7677943 2 2 0
1.1959053 0.7679437 0.7679437 2 2 0
1.1958062 0.7680918 0.7680918 2 2 0
1.1957071 0.7682386 0.7682386 2 2 0
1.195608 0.7683842 0.7683842 2 2 0
1.195509 0.7685285 0.7685285 2 2 0
1.1954099 0.7686715 0.7686715 2 2 0
1.1953108 0.7688133 0.7688133 2 2 0
1.1952117 0.7689537 0.7689537 2 2 0
1.1951126 0.7690929 0.7690929 2 2 0
1.1950135 0.7692308 0.7692308 2 2 0
1.1949144 0.7693674 0.7693674 2 2 0
1.1948153 0.7695056 0.7695056 2 2 0
1.1947163 0.7696409 0.7696409 2 2 0
1.1946172 0.7697733 0.7697733 2 2 0
1.1945181 0.7699031 0.7699031 2 2 0
1.194419 0.7700272 0.7700272 2 2 0
1.1943199 0.770142 0.770142 2 2 0
1.1942208 0.770286 0.770286 2 2 0
1.1941217 0.7704298 0.7704298 2 2 0
1.1940226 0.7705694 0.7705694 2 2 0
1.1939236 0.7707083 0.7707083 2 2 0
1.1938245 0.7708448 0.7708448 2 2 0
1.1937254 0.7709787 0.7709787 2 2 0
1.1936263 0.7711103 0.7711103 2 2 0
1.1935272 0.7712456 0.7712456 2 2 0
1.1934281 0.7713798 0.7713798 2 2 0
1.193329 0.7715128 0.7715128 2 2 0
1.1932299 0.7716447 0.7716447 2 2 0
1.1931309 0.7717754 0.7717754 2 2 0
1.1930318 0.7719049 0.7719049 2 2 0
1.1929327 0.7720331 0.7720331 2 2 0
1.1928336 0.7721602 0.7721602 2 2 0
1.1927345 0.7722861 0.7722861 2 2 0
1.1926354 0.7724108 0.7724108 2 2 0
1.1925363 0.7725343 0.7725343 2 2 0
1.1924372 0.7726566 0.7726566 2 2 0
1.1923382 0.7727776 0.7727776 2 2 0
1.1922391 0.7728975 0.7728975 2 2 0
1.19214 0.7730426 0.7730426 2 2 0
1.1920409 0.7732126 0.7732126 2 2 0
1.1919418 0.7733607 0.7733607 2 2 0
1.1918427 0.7734721 0.7734721 2 2 0
1.1917436 0.773593 0.773593 2 2 0
1.1916445 0.7737173 0.7737173 2 2 0
1.1915455 0.7738393 0.7738393 2 2 0
1.1914464 0.7739798 0.7739798 2 2 0
1.1913473 0.7741191 0.7741191 2 2 0
1.1912482 0.7742572 0.7742572 2 2 0
1.1911491 0.7743941 0.7743941 2 2 0
1.19105 0.7745298 0.7745298 2 2 0
1.1909509 0.7746642 0.7746642 2 2 0
1.1908518 0.7747975 0.7747975 2 2 0
1.1907528 0.7749295 0.7749295 2 2 0
1.1906537 0.7750604 0.7750604 2 2 0
1.1905546 0.77519 0.77519 2 2 0
1.1904555 0.7753183 0.7753183 2 2 0
1.1903564 0.7754455 0.7754455 2 2 0
1.1902573 0.7755714 0.7755714 2 2 0
1.1901582 0.775696 0.775696 2 2 0
1.1900591 0.7758415 0.7758415 2 2 0
1.1899601 0.7759849 0.7759849 2 2 0
1.189861 0.7761365 0.7761365 2 2 0
1.1897619 0.7762932 0.7762932 2 2 0
1.1896628 0.7763915 0.7763915 2 2 0
1.1895637 0.7764971 0.7764971 2 2 0
1.1894646 0.7766184 0.7766184 2 2 0
1.1893655 0.7767637 0.7767637 2 2 0
1.1892664 0.7769079 0.7769079 2 2 0
1.1891674 0.7770508 0.7770508 2 2 0
1.1890683 0.7771925 0.7771925 2 2 0
1.1889692 0.777333 0.777333 2 2 0
1.1888701 0.7774722 0.7774722 2 2 0
1.188771 0.7776102 0.7776102 2 2 0
1.1886719 0.777747 0.777747 2 2 0
1.1885728 0.7778825 0.7778825 2 2 0
1.1884737 0.7780167 0.7780167 2 2 0
1.1883747 0.7781497 0.7781497 2 2 0
1.1882756 0.7782815 0.7782815 2 2 0
1.1881765 0.778412 0.778412 2 2 0
1.1880774 0.7785455 0.7785455 2 2 0
1.1879783 0.7786803 0.7786803 2 2 0
1.1878792 0.7788124 0.7788124 2 2 0
1.1877801 0.7789418 0.7789418 2 2 0
1.187681 0.779073 0.779073 2 2 0
1.187582 0.7792007 0.7792007 2 2 0
1.1874829 0.7793077 0.7793077 2 2 0
1.1873838 0.7794509 0.7794509 2 2 0
1.1872847 0.7796009 0.7796009 2 2 0
1.1871856 0.7797497 0.7797497 2 2 0
1.1870865 0.7798972 0.7798972 2 2 0
1.1869874 0.7800393 0.7800393 2 2 0
1.1868883 0.7801698 0.7801698 2 2 0
1.1867893 0.7802979 0.7802979 2 2 0
1.1866902 0.780425 0.780425 2 2 0
1.1865911 0.7805514 0.7805514 2 2 0
1.186492 0.7806767 0.7806767 2 2 0
1.1863929 0.7808008 0.7808008 2 2 0
1.1862938 0.7809237 0.7809237 2 2 0
1.1861947 0.7810455 0.7810455 2 2 0
1.1860956 0.7811661 0.7811661 2 2 0
1.1859966 0.7812856 0.7812856 2 2 0
1.1858975 0.7814038 0.7814038 2 2 0
1.1857984 0.7815209 0.7815209 2 2 0
1.1856993 0.7816368 0.7816368 2 2 0
1.1856002 0.7817515 0.7817515 2 2 0
1.1855011 0.781865 0.781865 2 2 0
1.185402 0.7820052 0.7820052 2 2 0
1.1853029 0.7821731 0.7821731 2 2 0
1.1852039 0.7822932 0.7822932 2 2 0
1.1851048 0.7824098 0.7824098 2 2 0
1.1850057 0.7825349 0.7825349 2 2 0
1.1849066 0.7826581 0.7826581 2 2 0
1.1848075 0.7827788 0.7827788 2 2 0
1.1847084 0.7829044 0.7829044 2 2 0
1.1846093 0.7830354 0.7830354 2 2 0
1.1845102 0.7831653 0.7831653 2 2 0
1.1844112 0.7832941 0.7832941 2 2 0
1.1843121 0.7834216 0.7834216 2 2 0
1.184213 0.7835479 0.7835479 2 2 0
1.1841139 0.7836731 0.7836731 2 2 0
1.1840148 0.7837971 0.7837971 2 2 0
1.1839157 0.7839199 0.7839199 2 2 0
1.1838166 0.7840414 0.7840414 2 2 0
1.1837175 0.7841618 0.7841618 2 2 0
1.1836185 0.784281 0.784281 2 2 0
1.1835194 0.7843989 0.7843989 2 2 0
1.1834203 0.7845388 0.7845388 2 2 0
1.1833212 0.7846803 0.7846803 2 2 0
1.1832221 0.7848378 0.7848378 2 2 0
1.183123 0.784976 0.784976 2 2 0
1.1830239 0.7850687 0.7850687 2 2 0
1.1829248 0.7851814 0.7851814 2 2 0
1.1828258 0.7852942 0.7852942 2 2 0
1.1827267 0.7854218 0.7854218 2 2 0
1.1826276 0.7855573 0.7855573 2 2 0
1.1825285 0.7856916 0.7856916 2 2 0
1.1824294 0.7858247 0.7858247 2 2 0
1.1823303 0.7859566 0.7859566 2 2 0
1.1822312 0.7860873 0.7860873 2 2 0
1.1821321 0.7862167 0.7862167 2 2 0
1.1820331 0.786345 0.786345 2 2 0
1.181934 0.7864721 0.7864721 2 2 0
1.1818349 0.7865979 0.7865979 2 2 0
1.1817358 0.7867225 0.7867225 2 2 0
1.1816367 0.7868459 0.7868459 2 2 0
1.1815376 0.7869723 0.7869723 2 2 0
1.1814385 0.7871076 0.7871076 2 2 0
1.1813394 0.7872402 0.7872402 2 2 0
1.1812404 0.7873703 0.7873703 2 2 0
1.1811413 0.7875097 0.7875097 2 2 0
1.1810422 0.7876453 0.7876453 2 2 0
1.1809431 0.7877322 0.7877322 2 2 0
1.180844 0.7878394 0.7878394 2 2 0
1.1807449 0.7879802 0.7879802 2 2 0
1.1806458 0.7881199 0.7881199 2 2 0
1.1805467 0.7882583 0.7882583 2 2 0
1.1804477 0.7883956 0.7883956 2 2 0
1.1803486 0.7885316 0.7885316 2 2 0
1.1802495 0.7886663 0.7886663 2 2 0
1.1801504 0.7887999 0.7887999 2 2 0
1.1800513 0.7889322 0.7889322 2 2 0
1.1799522 0.7890633 0.7890633 2 2 0
1.1798531 0.7891931 0.7891931 2 2 0
1.179754 0.7893217 0.7893217 2 2 0
1.179655 0.789449 0.789449 2 2 0
1.1795559 0.7895772 0.7895772 2 2 0
1.1794568 0.7897029 0.7897029 2 2 0
1.1793577 0.7898261 0.7898261 2 2 0
1.1792586 0.7899468 0.7899468 2 2 0
1.1791595 0.7900599 0.7900599 2 2 0
1.1790604 0.7901675 0.7901675 2 2 0
1.1789613 0.7902739 0.7902739 2 2 0
1.1788623 0.7904098 0.7904098 2 2 0
1.1787632 0.7905404 0.7905404 2 2 0
1.1786641 0.7906675 0.7906675 2 2 0
1.178565 0.7907939 0.7907939 2 2 0
1.1784659 0.7909187 0.7909187 2 2 0
1.1783668 0.7910413 0.7910413 2 2 0
1.1782677 0.7911617 0.7911617 2 2 0
1.1781686 0.7912801 0.7912801 2 2 0
1.1780696 0.7914023 0.7914023 2 2 0
1.1779705 0.7915234 0.7915234 2 2 0
1.1778714 0.7916433 0.7916433 2 2 0
1.1777723 0.791762 0.791762 2 2 0
1.1776732 0.7918796 0.7918796 2 2 0
1.1775741 0.7919961 0.7919961 2 2 0
1.177475 0.7921113 0.7921113 2 2 0
1.177376 0.7922254 0.7922254 2 2 0
1.1772769 0.7923383 0.7923383 2 2 0
1.1771778 0.7924501 0.7924501 2 2 0
1.1770787 0.7925607 0.7925607 2 2 0
1.1769796 0.7926958 0.7926958 2 2 0
1.1768805 0.7928488 0.7928488 2 2 0
1.1767814 0.7929854 0.7929854 2 2 0
1.1766823 0.793093 0.793093 2 2 0
1.1765833 0.7932049 0.7932049 2 2 0
1.1764842 0.7933214 0.7933214 2 2 0
1.1763851 0.7934357 0.7934357 2 2 0
1.176286 0.7935484 0.7935484 2 2 0
1.1761869 0.7936747 0.7936747 2 2 0
1.1760878 0.7937998 0.7937998 2 2 0
1.1759887 0.7939238 0.7939238 2 2 0
1.1758896 0.7940466 0.7940466 2 2 0
1.1757906 0.7941682 0.7941682 2 2 0
1.1756915 0.7942886 0.7942886 2 2 0
1.1755924 0.7944079 0.7944079 2 2 0
1.1754933 0.7945259 0.7945259 2 2 0
1.1753942 0.7946428 0.7946428 2 2 0
1.1752951 0.7947585 0.7947585 2 2 0
1.175196 0.7948737 0.7948737 2 2 0
1.1750969 0.7950097 0.7950097 2 2 0
1.1749979 0.7951434 0.7951434 2 2 0
1.1748988 0.7952839 0.7952839 2 2 0
1.1747997 0.7954323 0.7954323 2 2 0
1.1747006 0.7955282 0.7955282 2 2 0
1.1746015 0.7956267 0.7956267 2 2 0
1.1745024 0.7957344 0.7957344 2 2 0
1.1744033 0.7958473 0.7958473 2 2 0
1.1743042 0.7959775 0.7959775 2 2 0
1.1742052 0.7961064 0.7961064 2 2 0
1.1741061 0.7962342 0.7962342 2 2 0
1.174007 0.7963608 0.7963608 2 2 0
1.1739079 0.7964862 0.7964862 2 2 0
1.1738088 0.7966104 0.7966104 2 2 0
1.1737097 0.7967334 0.7967334 2 2 0
1.1736106 0.7968552 0.7968552 2 2 0
1.1735115 0.7969758 0.7969758 2 2 0
1.1734125 0.7970952 0.7970952 2 2 0
1.1733134 0.7972204 0.7972204 2 2 0
1.1732143 0.7973491 0.7973491 2 2 0
1.1731152 0.7974755 0.7974755 2 2 0
1.1730161 0.7975996 0.7975996 2 2 0
1.172917 0.7977288 0.7977288 2 2 0
1.1728179 0.7978571 0.7978571 2 2 0
1.1727188 0.7979567 0.7979567 2 2 0
1.1726198 0.7980515 0.7980515 2 2 0
1.1725207 0.7981792 0.7981792 2 2 0
1.1724216 0.798313 0.798313 2 2 0
1.1723225 0.7984455 0.7984455 2 2 0
1.1722234 0.7985769 0.7985769 2 2 0
1.1721243 0.7987071 0.7987071 2 2 0
1.1720252 0.798836 0.798836 2 2 0
1.1719261 0.7989637 0.7989637 2 2 0
1.1718271 0.7990902 0.7990902 2 2 0
1.171728 0.7992155 0.7992155 2 2 0
1.1716289 0.7993396 0.7993396 2 2 0
1.1715298 0.7994632 0.7994632 2 2 0
1.1714307 0.7995865 0.7995865 2 2 0
1.1713316 0.7997074 0.7997074 2 2 0
1.1712325 0.7998261 0.7998261 2 2 0
1.1711334 0.7999424 0.7999424 2 2 0
1.1710344 0.8000521 0.8000521 2 2 0
1.1709353 0.8001561 0.8001561 2 2 0
1.1708362 0.8002589 0.8002589 2 2 0
1.1707371 0.8003837 0.8003837 2 2 0
1.170638 0.8005095 0.8005095 2 2 0
1.1705389 0.8006321 0.8006321 2 2 0
1.1704398 0.800753 0.800753 2 2 0
1.1703407 0.8008731 0.8008731 2 2 0
1.1702417 0.8009912 0.8009912 2 2 0
1.1701426 0.8011071 0.8011071 2 2 0
1.1700435 0.801221 0.801221 2 2 0
1.1699444 0.8013342 0.8013342 2 2 0
1.1698453 0.8014499 0.8014499 2 2 0
1.1697462 0.8015645 0.8015645 2 2 0
1.1696471 0.801678 0.801678 2 2 0
1.169548 0.8017904 0.8017904 2 2 0
1.169449 0.8019016 0.8019016 2 2 0
1.2874621 0.5 0.5 2 2 0
1.2874621 0.4887946 0.4887946 2 2 0
1.287363 0.4864823 0.4864823 2 2 0
1.2872639 0.4829998 0.4829998 2 2 0
1.2871649 0.4794898 0.4794898 2 2 0
1.2870658 0.4781518 0.4781518 2 2 0
1.2869667 0.4766393 0.4766393 2 2 0
1.2868676 0.4749159 0.4749159 2 2 0
1.2867685 0.4729343 0.4729343 2 2 0
1.2866694 0.4706319 0.4706319 2 2 0
1.2865703 0.4692905 0.4692905 2 2 0
1.2864712 0.4682993 0.4682993 2 2 0
1.2863722 0.4672505 0.4672505 2 2 0
1.2862731 0.466139 0.466139 2 2 0
1.286174 0.4649594 0.4649594 2 2 0
1.2860749 0.463705 0.463705 2 2 0
1.2859758 0.4623689 0.4623689 2 2 0
1.2858767 0.4609429 0.4609429 2 2 0
1.2857776 0.4597305 0.4597305 2 2 0
1.2856785 0.4589955 0.4589955 2 2 0
1.2855795 0.4582396 0.4582396 2 2 0
1.2854804 0.4574622 0.4574622 2 2 0
1.2853813 0.4566623 0.4566623 2 2 0
1.2852822 0.455839 0.455839 2 2 0
1.2851831 0.4549915 0.4549915 2 2 0
1.285084 0.4541187 0.4541187 2 2 0
1.2849849 0.4532196 0.4532196 2 2 0
1.2848858 0.4522931 0.4522931 2 2 0
1.2847868 0.451338 0.451338 2 2 0
1.2846877 0.4503532 0.4503532 2 2 0
1.2845886 0.4496409 0.4496409 2 2 0
1.2844895 0.4490815 0.4490815 2 2 0
1.2843904 0.448515 0.448515 2 2 0
1.2842913 0.4479414 0.4479414 2 2 0
1.2841922 0.4473605 0.4473605 2 2 0
1.2840931 0.4464578 0.4464578 2 2 0
1.2839941 0.4459054 0.4459054 2 2 0
1.283895 0.4450742 0.4450742 2 2 0
1.2837959 0.4442234 0.4442234 2 2 0
1.2836968 0.4433523 0.4433523 2 2 0
1.2835977 0.4424603 0.4424603 2 2 0
1.2834986 0.4415468 0.4415468 2 2 0
1.2833995 0.4406109 0.4406109 2 2 0
1.2833004 0.4397902 0.4397902 2 2 0
1.2832014 0.4392031 0.4392031 2 2 0
1.2831023 0.438609 0.438609 2 2 0
1.2830032 0.438008 0.438008 2 2 0
1.2829041 0.4373998 0.4373998 2 2 0
1.282805 0.4367846 0.4367846 2 2 0
1.2827059 0.4361621 0.4361621 2 2 0
1.2826068 0.4355324 0.4355324 2 2 0
1.2825077 0.4348954 0.4348954 2 2 0
1.2824087 0.434251 0.434251 2 2 0
1.2823096 0.4335992 0.4335992 2 2 0
1.2822105 0.4329399 0.4329399 2 2 0
1.2821114 0.432273 0.432273 2 2 0
1.2820123 0.4315985 0.4315985 2 2 0
1.2819132 0.4309163 0.4309163 2 2 0
1.2818141 0.4302265 0.4302265 2 2 0
1.281715 0.4296947 0.4296947 2 2 0
1.281616 0.4292402 0.4292402 2 2 0
1.2815169 0.4287838 0.4287838 2 2 0
1.2814178 0.4283257 0.4283257 2 2 0
1.2813187 0.4278659 0.4278659 2 2 0
1.2812196 0.4274044 0.4274044 2 2 0
1.2811205 0.4269412 0.4269412 2 2 0
1.2810214 0.4264765 0.4264765 2 2 0
1.2809223 0.4260102 0.4260102 2 2 0
1.2808233 0.4255425 0.4255425 2 2 0
1.2807242 0.4250733 0.4250733 2 2 0
1.2806251 0.4246028 0.4246028 2 2 0
1.280526 0.423702 0.423702 2 2 0
1.2804269 0.4234887 0.4234887 2 2 0
1.2803278 0.4228421 0.4228421 2 2 0
1.2802287 0.4221893 0.4221893 2 2 0
1.2801296 0.4215303 0.4215303 2 2 0
1.2800306 0.420865 0.420865 2 2 0
1.2799315 0.4201935 0.4201935 2 2 0
1.2798324 0.4196684 0.4196684 2 2 0
1.2797333 0.4192023 0.4192023 2 2 0
1.2796342 0.4187343 0.4187343 2 2 0
1.2795351 0.4182645 0.4182645 2 2 0
1.279436 0.417793 0.417793 2 2 0
1.2793369 0.4173198 0.4173198 2 2 0
1.2792379 0.4168449 0.4168449 2 2 0
1.2791388 0.4163684 0.4163684 2 2 0
1.2790397 0.4158903 0.4158903 2 2 0
1.2789406 0.4154107 0.4154107 2 2 0
1.2788415 0.4149295 0.4149295 2 2 0
1.2787424 0.4144469 0.4144469 2 2 0
1.2786433 0.4139628 0.4139628 2 2 0
1.2785442 0.4134774 0.4134774 2 2 0
1.2784452 0.4129907 0.4129907 2 2 0
1.2783461 0.4125027 0.4125027 2 2 0
1.278247 0.4120135 0.4120135 2 2 0
1.2781479 0.4115231 0.4115231 2 2 0
1.2780488 0.4110316 0.4110316 2 2 0
1.2779497 0.4105391 0.4105391 2 2 0
1.2778506 0.4100456 0.4100456 2 2 0
1.2777515 0.4096794 0.4096794 2 2 0
1.2776525 0.4093267 0.4093267 2 2 0
1.2775534 0.4089745 0.4089745 2 2 0
1.2774543 0.4086229 0.4086229 2 2 0
1.2773552 0.4082719 0.4082719 2 2 0
1.2772561 0.4079216 0.4079216 2 2 0
1.277157 0.4075721 0.4075721 2 2 0
1.2770579 0.4072232 0.4072232 2 2 0
1.2769588 0.4066316 0.4066316 2 2 0
1.2768598 0.4063677 0.4063677 2 2 0
1.2767607 0.4058972 0.4058972 2 2 0
1.2766616 0.4054256 0.4054256 2 2 0
1.2765625 0.4049527 0.4049527 2 2 0
1.2764634 0.4044787 0.4044787 2 2 0
1.2763643 0.4040036 0.4040036 2 2 0
1.2762652 0.4035274 0.4035274 2 2 0
1.2761661 0.4030501 0.4030501 2 2 0
1.2760671 0.4025719 0.4025719 2 2 0
1.275968 0.4020927 0.4020927 2 2 0
1.2758689 0.4016126 0.4016126 2 2 0
1.2757698 0.4011316 0.4011316 2 2 0
1.2756707 0.4006498 0.4006498 2 2 0
1.2755716 0.4001673 0.4001673 2 2 0
1.2754725 0.3997665 0.3997665 2 2 0
1.2753734 0.3994096 0.3994096 2 2 0
1.2752744 0.3990531 0.3990531 2 2 0
1.2751753 0.3986971 0.3986971 2 2 0
1.2750762 0.3983417 0.3983417 2 2 0
1.2749771 0.3979868 0.3979868 2 2 0
1.274878 0.3976324 0.3976324 2 2 0
1.2747789 0.3972788 0.3972788 2 2 0
1.2746798 0.3969257 0.3969257 2 2 0
1.2745807 0.3965734 0.3965734 2 2 0
1.2744817 0.3962219 0.3962219 2 2 0
1.2743826 0.3958712 0.3958712 2 2 0
1.2742835 0.3955213 0.3955213 2 2 0
1.2741844 0.3951723 0.3951723 2 2 0
1.2740853 0.3948242 0.3948242 2 2 0
1.2739862 0.394477 0.394477 2 2 0
1.2738871 0.3941309 0.3941309 2 2 0
1.273788 0.3937859 0.3937859 2 2 0
1.273689 0.393442 0.393442 2 2 0
1.2735899 0.3930289 0.3930289 2 2 0
1.2734908 0.3925952 0.3925952 2 2 0
1.2733917 0.3922791 0.3922791 2 2 0
1.2732926 0.3918203 0.3918203 2 2 0
1.2731935 0.3913609 0.3913609 2 2 0
1.2730944 0.3909012 0.3909012 2 2 0
1.2729953 0.390441 0.390441 2 2 0
1.2728963 0.3899852 0.3899852 2 2 0
1.2727972 0.3896353 0.3896353 2 2 0
1.2726981 0.3892859 0.3892859 2 2 0
1.272599 0.388937 0.388937 2 2 0
1.2724999 0.3885887 0.3885887 2 2 0
1.2724008 0.388241 0.388241 2 2 0
1.2723017 0.3878939 0.3878939 2 2 0
1.2722026 0.3875475 0.3875475 2 2 0
1.2721036 0.3872018 0.3872018 2 2 0
1.2720045 0.3868568 0.3868568 2 2 0
1.2719054 0.3865125 0.3865125 2 2 0
1.2718063 0.3861691 0.3861691 2 2 0
1.2717072 0.3858265 0.3858265 2 2 0
1.2716081 0.3854848 0.3854848 2 2 0
1.271509 0.385144 0.385144 2 2 0
1.2714099 0.3848041 0.3848041 2 2 0
1.2713109 0.3844652 0.3844652 2 2 0
1.2712118 0.3841273 0.3841273 2 2 0
1.2711127 0.3837905 0.3837905 2 2 0
1.2710136 0.3834547 0.3834547 2 2 0
1.2709145 0.3831201 0.3831201 2 2 0
1.2708154 0.3827867 0.3827867 2 2 0
1.2707163 0.3824544 0.3824544 2 2 0
1.2706172 0.3821234 0.3821234 2 2 0
1.2705182 0.3817937 0.3817937 2 2 0
1.2704191 0.3814653 0.3814653 2 2 0
1.27032 0.3811383 0.3811383 2 2 0
1.2702209 0.3808016 0.3808016 2 2 0
1.2701218 0.3804497 0.3804497 2 2 0
1.2700227 0.3801041 0.3801041 2 2 0
1.2699236 0.3797407 0.3797407 2 2 0
1.2698245 0.3794099 0.3794099 2 2 0
1.2697255 0.3790753 0.3790753 2 2 0
1.2696264 0.3787415 0.3787415 2 2 0
1.2695273 0.3784083 0.3784083 2 2 0
1.2694282 0.3780759 0.3780759 2 2 0
1.2693291 0.3777443 0.3777443 2 2 0
1.26923 0.3774135 0.3774135 2 2 0
1.2691309 0.3770835 0.3770835 2 2 0
1.2690318 0.3767544 0.3767544 2 2 0
1.2689328 0.3764261 0.3764261 2 2 0
1.2688337 0.3760988 0.3760988 2 2 0
1.2687346 0.3757725 0.3757725 2 2 0
1.2686355 0.3754471 0.3754471 2 2 0
1.2685364 0.3751227 0.3751227 2 2 0
1.2684373 0.3747994 0.3747994 2 2 0
1.2683382 0.3744772 0.3744772 2 2 0
1.2682391 0.3741561 0.3741561 2 2 0
1.2681401 0.3738361 0.3738361 2 2 0
1.268041 0.3735173 0.3735173 2 2 0
1.2679419 0.3731997 0.3731997 2 2 0
1.2678428 0.3728833 0.3728833 2 2 0
1.2677437 0.3725682 0.3725682 2 2 0
1.2676446 0.3722543 0.3722543 2 2 0
1.2675455 0.3719419 0.3719419 2 2 0
1.2674464 0.3716307 0.3716307 2 2 0
1.2673474 0.371321 0.371321 2 2 0
1.2672483 0.3710127 0.3710127 2 2 0
1.2671492 0.3707059 0.3707059 2 2 0
1.2670501 0.3704006 0.3704006 2 2 0
1.266951 0.3700968 0.3700968 2 2 0
1.2668519 0.3698372 0.3698372 2 2 0
1.2667528 0.3695991 0.3695991 2 2 0
1.2666537 0.3692755 0.3692755 2 2 0
1.2665547 0.3689923 0.3689923 2 2 0
1.2664556 0.3686956 0.3686956 2 2 0
1.2663565 0.3683823 0.3683823 2 2 0
1.2662574 0.3680699 0.3680699 2 2 0
1.2661583 0.3677584 0.3677584 2 2 0
1.2660592 0.3674479 0.3674479 2 2 0
1.2659601 0.3671384 0.3671384 2 2 0
1.265861 0.3668299 0.3668299 2 2 0
1.265762 0.3665224 0.3665224 2 2 0
1.2656629 0.366216 0.366216 2 2 0
1.2655638 0.3659107 0.3659107 2 2 0
1.2654647 0.3656064 0.3656064 2 2 0
1.2653656 0.3653033 0.3653033 2 2 0
1.2652665 0.3650014 0.3650014 2 2 0
1.2651674 0.3647007 0.3647007 2 2 0
1.2650683 0.3644011 0.3644011 2 2 0
1.2649693 0.3641028 0.3641028 2 2 0
1.2648702 0.3638058 0.3638058 2 2 0
1.2647711 0.3635101 0.3635101 2 2 0
1.264672 0.3632157 0.3632157 2 2 0
1.2645729 0.3629226 0.3629226 2 2 0
1.2644738 0.3626309 0.3626309 2 2 0
1.2643747 0.3623407 0.3623407 2 2 0
1.2642756 0.3620518 0.3620518 2 2 0
1.2641766 0.3617644 0.3617644 2 2 0
1.2640775 0.3614785 0.3614785 2 2 0
1.2639784 0.3611941 0.3611941 2 2 0
1.2638793 0.3609113 0.3609113 2 2 0
1.2637802 0.36063 0.36063 2 2 0
1.2636811 0.3603503 0.3603503 2 2 0
1.263582 0.3600717 0.3600717 2 2 0
1.2634829 0.3598355 0.3598355 2 2 0
1.2633839 0.3596117 0.3596117 2 2 0
1.2632848 0.3592947 0.3592947 2 2 0
1.2631857 0.3590257 0.3590257 2 2 0
1.2630866 0.3587452 0.3587452 2 2 0
1.2629875 0.3584552 0.3584552 2 2 0
1.2628884 0.3581662 0.3581662 2 2 0
1.2627893 0.3578783 0.3578783 2 2 0
1.2626902 0.3575916 0.3575916 2 2 0
1.2625912 0.3573059 0.3573059 2 2 0
1.2624921 0.3570214 0.3570214 2 2 0
1.262393 0.356738 0.356738 2 2 0
1.2622939 0.3564559 0.3564559 2 2 0
1.2621948 0.3561749 0.3561749 2 2 0
1.2620957 0.3558952 0.3558952 2 2 0
1.2619966 0.3556167 0.3556167 2 2 0
1.2618975 0.3553395 0.3553395 2 2 0
1.2617985 0.3550636 0.3550636 2 2 0
1.2616994 0.354789 0.354789 2 2 0
1.2616003 0.3545158 0.3545158 2 2 0
1.2615012 0.3542439 0.3542439 2 2 0
1.2614021 0.3539734 0.3539734 2 2 0
1.261303 0.3537044 0.3537044 2 2 0
1.2612039 0.3534367 0.3534367 2 2 0
1.2611048 0.3531705 0.3531705 2 2 0
1.2610058 0.3529058 0.3529058 2 2 0
1.2609067 0.3526426 0.3526426 2 2 0
1.2608076 0.3523809 0.3523809 2 2 0
1.2607085 0.3521208 0.3521208 2 2 0
1.2606094 0.3518622 0.3518622 2 2 0
1.2605103 0.3516052 0.3516052 2 2 0
1.2604112 0.3513498 0.3513498 2 2 0
1.2603121 0.3510911 0.3510911 2 2 0
1.2602131 0.350813 0.350813 2 2 0
1.260114 0.3505473 0.3505473 2 2 0
1.2600149 0.350276 0.350276 2 2 0
1.2599158 0.3499551 0.3499551 2 2 0
1.2598167 0.3496872 0.3496872 2 2 0
1.2597176 0.3494199 0.3494199 2 2 0
1.2596185 0.3491536 0.3491536 2 2 0
1.2595195 0.3488884 0.3488884 2 2 0
1.2594204 0.3486244 0.3486244 2 2 0
1.2593213 0.3483616 0.3483616 2 2 0
1.2592222 0.3480999 0.3480999 2 2 0
1.2591231 0.3478395 0.3478395 2 2 0
1.259024 0.3475804 0.3475804 2 2 0
1.2589249 0.3473225 0.3473225 2 2 0
1.2588258 0.3470659 0.3470659 2 2 0
1.2587268 0.3468106 0.3468106 2 2 0
1.2586277 0.3465566 0.3465566 2 2 0
1.2585286 0.346304 0.346304 2 2 0
1.2584295 0.3460527 0.3460527 2 2 0
1.2583304 0.3458028 0.3458028 2 2 0
1.2582313 0.3455542 0.3455542 2 2 0
1.2581322 0.3453071 0.3453071 2 2 0
1.2580331 0.3450614 0.3450614 2 2 0
1.2579341 0.3448172 0.3448172 2 2 0
1.257835 0.3445745 0.3445745 2 2 0
1.2577359 0.3443332 0.3443332 2 2 0
1.2576368 0.3440934 0.3440934 2 2 0
1.2575377 0.3438552 0.3438552 2 2 0
1.2574386 0.3436185 0.3436185 2 2 0
1.2573395 0.3433834 0.3433834 2 2 0
1.2572404 0.3431498 0.3431498 2 2 0
1.2571414 0.3429179 0.3429179 2 2 0
1.2570423 0.3426668 0.3426668 2 2 0
1.2569432 0.3423618 0.3423618 2 2 0
1.2568441 0.3421421 0.3421421 2 2 0
1.256745 0.3419126 0.3419126 2 2 0
1.2566459 0.3416142 0.3416142 2 2 0
1.2565468 0.341317 0.341317 2 2 0
1.2564477 0.3410209 0.3410209 2 2 0
1.2563487 0.3407261 0.3407261 2 2 0
1.2562496 0.3404326 0.3404326 2 2 0
1.2561505 0.3401404 0.3401404 2 2 0
1.2560514 0.3398754 0.3398754 2 2 0
1.2559523 0.3396358 0.3396358 2 2 0
1.2558532 0.3393975 0.3393975 2 2 0
1.2557541 0.3391605 0.3391605 2 2 0
1.255655 0.3389247 0.3389247 2 2 0
1.255556 0.3386903 0.3386903 2 2 0
1.2554569 0.3384572 0.3384572 2 2 0
1.2553578 0.3382254 0.3382254 2 2 0
1.2552587 0.3379949 0.3379949 2 2 0
1.2551596 0.3377658 0.3377658 2 2 0
1.2550605 0.3375381 0.3375381 2 2 0
1.2549614 0.3373118 0.3373118 2 2 0
1.2548623 0.3370869 0.3370869 2 2 0
1.2547633 0.3368635 0.3368635 2 2 0
1.2546642 0.3366414 0.3366414 2 2 0
1.2545651 0.3364209 0.3364209 2 2 0
1.254466 0.3362018 0.3362018 2 2 0
1.2543669 0.3359842 0.3359842 2 2 0
1.2542678 0.335768 0.335768 2 2 0
1.2541687 0.3355535 0.3355535 2 2 0
1.2540696 0.3353404 0.3353404 2 2 0
1.2539706 0.3351289 0.3351289 2 2 0
1.2538715 0.334919 0.334919 2 2 0
1.2537724 0.3346248 0.3346248 2 2 0
1.2536733 0.3343203 0.3343203 2 2 0
1.2535742 0.3342072 0.3342072 2 2 0
1.2534751 0.3339493 0.3339493 2 2 0
1.253376 0.3336798 0.3336798 2 2 0
1.2532769 0.3334115 0.3334115 2 2 0
1.2531779 0.3331445 0.3331445 2 2 0
1.2530788 0.3328788 0.3328788 2 2 0
1.2529797 0.3326144 0.3326144 2 2 0
1.2528806 0.3323513 0.3323513 2 2 0
1.2527815 0.3320896 0.3320896 2 2 0
1.2526824 0.3318292 0.3318292 2 2 0
1.2525833 0.3315702 0.3315702 2 2 0
1.2524842 0.3313125 0.3313125 2 2 0
1.2523852 0.3310563 0.3310563 2 2 0
1.2522861 0.3308015 0.3308015 2 2 0
1.252187 0.3305481 0.3305481 2 2 0
1.2520879 0.3302962 0.3302962 2 2 0
1.2519888 0.3300458 0.3300458 2 2 0
1.2518897 0.3298301 0.3298301 2 2 0
1.2517906 0.3296232 0.3296232 2 2 0
1.2516915 0.3294177 0.3294177 2 2 0
1.2515925 0.3292136 0.3292136 2 2 0
1.2514934 0.3290109 0.3290109 2 2 0
1.2513943 0.3288095 0.3288095 2 2 0
1.2512952 0.3286097 0.3286097 2 2 0
1.2511961 0.3284112 0.3284112 2 2 0
1.251097 0.3282143 0.3282143 2 2 0
1.2509979 0.3280188 0.3280188 2 2 0
1.2508988 0.3278247 0.3278247 2 2 0
1.2507998 0.3276322 0.3276322 2 2 0
1.2507007 0.3274412 0.3274412 2 2 0
1.2506016 0.3271796 0.3271796 2 2 0
1.2505025 0.326914 0.326914 2 2 0
1.2504034 0.3267483 0.3267483 2 2 0
1.2503043 0.3265369 0.3265369 2 2 0
1.2502052 0.3262925 0.3262925 2 2 0
1.2501061 0.3260494 0.3260494 2 2 0
1.2500071 0.3258075 0.3258075 2 2 0
1.249908 0.325567 0.325567 2 2 0
1.2498089 0.3253277 0.3253277 2 2 0
1.2497098 0.3250897 0.3250897 2 2 0
1.2496107 0.3248531 0.3248531 2 2 0
1.2495116 0.3246178 0.3246178 2 2 0
1.2494125 0.3243839 0.3243839 2 2 0
1.2493134 0.3241514 0.3241514 2 2 0
1.2492144 0.3239202 0.3239202 2 2 0
1.2491153 0.3236904 0.3236904 2 2 0
1.2490162 0.3234621 0.3234621 2 2 0
1.2489171 0.3232352 0.3232352 2 2 0
1.248818 0.3230097 0.3230097 2 2 0
1.2487189 0.3227857 0.3227857 2 2 0
1.2486198 0.3225632 0.3225632 2 2 0
1.2485207 0.3223422 0.3223422 2 2 0
1.2484217 0.3221226 0.3221226 2 2 0
1.2483226 0.3219046 0.3219046 2 2 0
1.2482235 0.3216881 0.3216881 2 2 0
1.2481244 0.3214732 0.3214732 2 2 0
1.2480253 0.3212599 0.3212599 2 2 0
1.2479262 0.3210481 0.3210481 2 2 0
1.2478271 0.3208379 0.3208379 2 2 0
1.247728 0.3206234 0.3206234 2 2 0
1.247629 0.3204096 0.3204096 2 2 0
1.2475299 0.3202043 0.3202043 2 2 0
1.2474308 0.319987 0.319987 2 2 0
1.2473317 0.3197538 0.3197538 2 2 0
1.2472326 0.3195317 0.3195317 2 2 0
1.2471335 0.3193147 0.3193147 2 2 0
1.2470344 0.3190938 0.3190938 2 2 0
1.2469353 0.3188734 0.3188734 2 2 0
1.2468363 0.3186543 0.3186543 2 2 0
1.2467372 0.3184364 0.3184364 2 2 0
1.2466381 0.3182198 0.3182198 2 2 0
1.246539 0.3180045 0.3180045 2 2 0
1.2464399 0.3177905 0.3177905 2 2 0
1.2463408 0.3175778 0.3175778 2 2 0
1.2462417 0.3173665 0.3173665 2 2 0
1.2461426 0.3171564 0.3171564 2 2 0
1.2460436 0.3169478 0.3169478 2 2 0
1.2459445 0.3167405 0.3167405 2 2 0
1.2458454 0.3165346 0.3165346 2 2 0
1.2457463 0.3163301 0.3163301 2 2 0
1.2456472 0.316127 0.316127 2 2 0
1.2455481 0.3159253 0.3159253 2 2 0
1.245449 0.3157251 0.3157251 2 2 0
1.2453499 0.3155262 0.3155262 2 2 0
1.2452509 0.3153289 0.3153289 2 2 0
1.2451518 0.315133 0.315133 2 2 0
1.2450527 0.3149385 0.3149385 2 2 0
1.2449536 0.3147456 0.3147456 2 2 0
1.2448545 0.3145541 0.3145541 2 2 0
1.2447554 0.3143642 0.3143642 2 2 0
1.2446563 0.3141758 0.3141758 2 2 0
1.2445572 0.3139344 0.3139344 2 2 0
1.2444582 0.3136542 0.3136542 2 2 0
1.2443591 0.3135312 0.3135312 2 2 0
1.24426 0.3133365 0.3133365 2 2 0
1.2441609 0.3130976 0.3130976 2 2 0
1.2440618 0.3128599 0.3128599 2 2 0
1.2439627 0.3126236 0.3126236 2 2 0
1.2438636 0.3123886 0.3123886 2 2 0
1.2437645 0.3121549 0.3121549 2 2 0
1.2436655 0.3119226 0.3119226 2 2 0
1.2435664 0.3116917 0.3116917 2 2 0
1.2434673 0.3114622 0.3114622 2 2 0
1.2433682 0.311234 0.311234 2 2 0
1.2432691 0.3110073 0.3110073 2 2 0
1.24317 0.310782 0.310782 2 2 0
1.2430709 0.3105581 0.3105581 2 2 0
1.2429718 0.3103357 0.3103357 2 2 0
1.2428728 0.3101148 0.3101148 2 2 0
1.2427737 0.3099108 0.3099108 2 2 0
1.2426746 0.3097251 0.3097251 2 2 0
1.2425755 0.3095407 0.3095407 2 2 0
1.2424764 0.3093577 0.3093577 2 2 0
1.2423773 0.3091761 0.3091761 2 2 0
1.2422782 0.3089958 0.3089958 2 2 0
1.2421791 0.308817 0.308817 2 2 0
1.2420801 0.3086395 0.3086395 2 2 0
1.241981 0.3084634 0.3084634 2 2 0
1.2418819 0.3082887 0.3082887 2 2 0
1.2417828 0.3081155 0.3081155 2 2 0
1.2416837 0.3079437 0.3079437 2 2 0
1.2415846 0.3077733 0.3077733 2 2 0
1.2414855 0.3075555 0.3075555 2 2 0
1.2413864 0.3073039 0.3073039 2 2 0
1.2412874 0.3071467 0.3071467 2 2 0
1.2411883 0.3069651 0.3069651 2 2 0
1.2410892 0.3067596 0.3067596 2 2 0
1.2409901 0.3065453 0.3065453 2 2 0
1.240891 0.3063322 0.3063322 2 2 0
1.2407919 0.3061204 0.3061204 2 2 0
1.2406928 0.3059099 0.3059099 2 2 0
1.2405937 0.3057007 0.3057007 2 2 0
1.2404947 0.3054928 0.3054928 2 2 0
1.2403956 0.3052863 0.3052863 2 2 0
1.2402965 0.3050812 0.3050812 2 2 0
1.2401974 0.3048774 0.3048774 2 2 0
1.2400983 0.3046749 0.3046749 2 2 0
1.2399992 0.3044739 0.3044739 2 2 0
1.2399001 0.3042742 0.3042742 2 2 0
1.239801 0.304076 0.304076 2 2 0
1.239702 0.3038792 0.3038792 2 2 0
1.2396029 0.3036838 0.3036838 2 2 0
1.2395038 0.3034898 0.3034898 2 2 0
1.2394047 0.3032973 0.3032973 2 2 0
1.2393056 0.3031062 0.3031062 2 2 0
1.2392065 0.3029166 0.3029166 2 2 0
1.2391074 0.3027285 0.3027285 2 2 0
1.2390083 0.3025419 0.3025419 2 2 0
1.2389093 0.3023568 0.3023568 2 2 0
1.2388102 0.3021732 0.3021732 2 2 0
1.2387111 0.3019696 0.3019696 2 2 0
1.238612 0.3017579 0.3017579 2 2 0
1.2385129 0.3015476 0.3015476 2 2 0
1.2384138 0.3014147 0.3014147 2 2 0
1.2383147 0.3011839 0.3011839 2 2 0
1.2382156 0.3009544 0.3009544 2 2 0
1.2381166 0.3007263 0.3007263 2 2 0
1.2380175 0.3004995 0.3004995 2 2 0
1.2379184 0.300274 0.300274 2 2 0
1.2378193 0.30005 0.30005 2 2 0
1.2377202 0.2998517 0.2998517 2 2 0
1.2376211 0.2996617 0.2996617 2 2 0
1.237522 0.299473 0.299473 2 2 0
1.2374229 0.2992856 0.2992856 2 2 0
1.2373239 0.2990994 0.2990994 2 2 0
1.2372248 0.2989146 0.2989146 2 2 0
1.2371257 0.298731 0.298731 2 2 0
1.2370266 0.2985488 0.2985488 2 2 0
1.2369275 0.2983679 0.2983679 2 2 0
1.2368284 0.2981884 0.2981884 2 2 0
1.2367293 0.2980102 0.2980102 2 2 0
1.2366302 0.2978333 0.2978333 2 2 0
1.2365312 0.2976578 0.2976578 2 2 0
1.2364321 0.2974836 0.2974836 2 2 0
1.236333 0.2973109 0.2973109 2 2 0
1.2362339 0.2971395 0.2971395 2 2 0
1.2361348 0.2969695 0.2969695 2 2 0
1.2360357 0.296801 0.296801 2 2 0
1.2359366 0.2966338 0.2966338 2 2 0
1.2358375 0.2964681 0.2964681 2 2 0
1.2357385 0.2963038 0.2963038 2 2 0
1.2356394 0.2960574 0.2960574 2 2 0
1.2355403 0.2958293 0.2958293 2 2 0
1.2354412 0.295705 0.295705 2 2 0
1.2353421 0.2955426 0.2955426 2 2 0
1.235243 0.2953381 0.2953381 2 2 0
1.2351439 0.2951327 0.2951327 2 2 0
1.2350448 0.2949287 0.2949287 2 2 0
1.2349458 0.2947259 0.2947259 2 2 0
1.2348467 0.2945245 0.2945245 2 2 0
1.2347476 0.2943244 0.2943244 2 2 0
1.2346485 0.2941256 0.2941256 2 2 0
1.2345494 0.2939282 0.2939282 2 2 0
1.2344503 0.2937321 0.2937321 2 2 0
1.2343512 0.2935374 0.2935374 2 2 0
1.2342521 0.2933441 0.2933441 2 2 0
1.2341531 0.2931521 0.2931521 2 2 0
1.234054 0.2929616 0.2929616 2 2 0
1.2339549 0.2927724 0.2927724 2 2 0
1.2338558 0.2925847 0.2925847 2 2 0
1.2337567 0.2923984 0.2923984 2 2 0
1.2336576 0.2922135 0.2922135 2 2 0
1.2335585 0.2920301 0.2920301 2 2 0
1.2334594 0.2918481 0.2918481 2 2 0
1.2333604 0.2916676 0.2916676 2 2 0
1.2332613 0.2914886 0.2914886 2 2 0
1.2331622 0.2913111 0.2913111 2 2 0
1.2330631 0.2911317 0.2911317 2 2 0
1.232964 0.2909473 0.2909473 2 2 0
1.2328649 0.2907636 0.2907636 2 2 0
1.2327658 0.2905849 0.2905849 2 2 0
1.2326667 0.2904238 0.2904238 2 2 0
1.2325677 0.2902039 0.2902039 2 2 0
1.2324686 0.2899871 0.2899871 2 2 0
1.2323695 0.2897974 0.2897974 2 2 0
1.2322704 0.2896124 0.2896124 2 2 0
1.2321713 0.2894276 0.2894276 2 2 0
1.2320722 0.2892434 0.2892434 2 2 0
1.2319731 0.2890605 0.2890605 2 2 0
1.2318741 0.2888789 0.2888789 2 2 0
1.231775 0.2886986 0.2886986 2 2 0
1.2316759 0.2885195 0.2885195 2 2 0
1.2315768 0.2883417 0.2883417 2 2 0
1.2314777 0.2881652 0.2881652 2 2 0
1.2313786 0.2879899 0.2879899 2 2 0
1.2312795 0.287816 0.287816 2 2 0
1.2311804 0.2876434 0.2876434 2 2 0
1.2310814 0.2874722 0.2874722 2 2 0
1.2309823 0.2873022 0.2873022 2 2 0
1.2308832 0.2871336 0.2871336 2 2 0
1.2307841 0.2869664 0.2869664 2 2 0
1.230685 0.2868005 0.2868005 2 2 0
1.2305859 0.286636 0.286636 2 2 0
1.2304868 0.2864728 0.2864728 2 2 0
1.2303877 0.2863111 0.2863111 2 2 0
1.2302887 0.2861507 0.2861507 2 2 0
1.2301896 0.2859917 0.2859917 2 2 0
1.2300905 0.2858341 0.2858341 2 2 0
1.2299914 0.2856283 0.2856283 2 2 0
1.2298923 0.2853728 0.2853728 2 2 0
1.2297932 0.2852472 0.2852472 2 2 0
1.2296941 0.2851088 0.2851088 2 2 0
1.229595 0.2849329 0.2849329 2 2 0
1.229496 0.2847373 0.2847373 2 2 0
1.2293969 0.2845431 0.2845431 2 2 0
1.2292978 0.2843501 0.2843501 2 2 0
1.2291987 0.2841584 0.2841584 2 2 0
1.2290996 0.2839681 0.2839681 2 2 0
1.2290005 0.2837791 0.2837791 2 2 0
1.2289014 0.2835914 0.2835914 2 2 0
1.2288023 0.283405 0.283405 2 2 0
1.2287033 0.28322 0.28322 2 2 0
1.2286042 0.2830364 0.2830364 2 2 0
1.2285051 0.2828541 0.2828541 2 2 0
1.228406 0.2826732 0.2826732 2 2 0
1.2283069 0.2824937 0.2824937 2 2 0
1.2282078 0.2823156 0.2823156 2 2 0
1.2281087 0.2821389 0.2821389 2 2 0
1.2280096 0.2819636 0.2819636 2 2 0
1.2279106 0.2817898 0.2817898 2 2 0
1.2278115 0.2816173 0.2816173 2 2 0
1.2277124 0.2814463 0.2814463 2 2 0
1.2276133 0.2812768 0.2812768 2 2 0
1.2275142 0.2811087 0.2811087 2 2 0
1.2274151 0.280933 0.280933 2 2 0
1.227316 0.2807615 0.2807615 2 2 0
1.2272169 0.2805897 0.2805897 2 2 0
1.2271179 0.2804257 0.2804257 2 2 0
1.2270188 0.2802515 0.2802515 2 2 0
1.2269197 0.2800444 0.2800444 2 2 0
1.2268206 0.2798571 0.2798571 2 2 0
1.2267215 0.2796788 0.2796788 2 2 0
1.2266224 0.2795047 0.2795047 2 2 0
1.2265233 0.2793295 0.2793295 2 2 0
1.2264242 0.2791553 0.2791553 2 2 0
1.2263252 0.2789823 0.2789823 2 2 0
1.2262261 0.2788105 0.2788105 2 2 0
1.226127 0.27864 0.27864 2 2 0
1.2260279 0.2784708 0.2784708 2 2 0
1.2259288 0.2783028 0.2783028 2 2 0
1.2258297 0.2781361 0.2781361 2 2 0
1.2257306 0.2779707 0.2779707 2 2 0
1.2256315 0.2778066 0.2778066 2 2 0
1.2255325 0.2776438 0.2776438 2 2 0
1.2254334 0.2774823 0.2774823 2 2 0
1.2253343 0.2773221 0.2773221 2 2 0
1.2252352 0.2771632 0.2771632 2 2 0
1.2251361 0.2770057 0.2770057 2 2 0
1.225037 0.2768495 0.2768495 2 2 0
1.2249379 0.2766946 0.2766946 2 2 0
1.2248388 0.2765411 0.2765411 2 2 0
1.2247398 0.2763889 0.2763889 2 2 0
1.2246407 0.2762381 0.2762381 2 2 0
1.2245416 0.276083 0.276083 2 2 0
1.2244425 0.2758759 0.2758759 2 2 0
1.2243434 0.2756459 0.2756459 2 2 0
1.2242443 0.2755309 0.2755309 2 2 0
1.2241452 0.2753914 0.2753914 2 2 0
1.2240461 0.2752286 0.2752286 2 2 0
1.2239471 0.2750442 0.2750442 2 2 0
1.223848 0.274861 0.274861 2 2 0
1.2237489 0.2746792 0.2746792 2 2 0
1.2236498 0.2744986 0.2744986 2 2 0
1.2235507 0.2743193 0.2743193 2 2 0
1.2234516 0.2741413 0.2741413 2 2 0
1.2233525 0.2739647 0.2739647 2 2 0
1.2232534 0.2737893 0.2737893 2 2 0
1.2231544 0.2736153 0.2736153 2 2 0
1.2230553 0.2734426 0.2734426 2 2 0
1.2229562 0.2732713 0.2732713 2 2 0
1.2228571 0.2731013 0.2731013 2 2 0
1.222758 0.2729327 0.2729327 2 2 0
1.2226589 0.2727654 0.2727654 2 2 0
1.2225598 0.2725996 0.2725996 2 2 0
1.2224607 0.2724351 0.2724351 2 2 0
1.2223617 0.272272 0.272272 2 2 0
1.2222626 0.2721103 0.2721103 2 2 0
1.2221635 0.27195 0.27195 2 2 0
1.2220644 0.2717911 0.2717911 2 2 0
1.2219653 0.2716198 0.2716198 2 2 0
1.2218662 0.2714522 0.2714522 2 2 0
1.2217671 0.2712785 0.2712785 2 2 0
1.221668 0.2711116 0.2711116 2 2 0
1.221569 0.2709826 0.2709826 2 2 0
1.2214699 0.270788 0.270788 2 2 0
1.2213708 0.2705947 0.2705947 2 2 0
1.2212717 0.2704027 0.2704027 2 2 0
1.2211726 0.270212 0.270212 2 2 0
1.2210735 0.2700227 0.2700227 2 2 0
1.2209744 0.2698553 0.2698553 2 2 0
1.2208753 0.2696919 0.2696919 2 2 0
1.2207763 0.2695297 0.2695297 2 2 0
1.2206772 0.2693688 0.2693688 2 2 0
1.2205781 0.2692091 0.2692091 2 2 0
1.220479 0.2690507 0.2690507 2 2 0
1.2203799 0.2688935 0.2688935 2 2 0
1.2202808 0.2687376 0.2687376 2 2 0
1.2201817 0.2685829 0.2685829 2 2 0
1.2200826 0.2684295 0.2684295 2 2 0
1.2199836 0.2682774 0.2682774 2 2 0
1.2198845 0.2681265 0.2681265 2 2 0
1.2197854 0.267977 0.267977 2 2 0
1.2196863 0.2678287 0.2678287 2 2 0
1.2195872 0.2676818 0.2676818 2 2 0
1.2194881 0.2675361 0.2675361 2 2 0
1.219389 0.2673918 0.2673918 2 2 0
1.2192899 0.2672487 0.2672487 2 2 0
1.2191909 0.2671071 0.2671071 2 2 0
1.2190918 0.2669381 0.2669381 2 2 0
1.2189927 0.2667104 0.2667104 2 2 0
1.2188936 0.2665674 0.2665674 2 2 0
1.2187945 0.2664368 0.2664368 2 2 0
1.2186954 0.2662889 0.2662889 2 2 0
1.2185963 0.2661299 0.2661299 2 2 0
1.2184972 0.2659574 0.2659574 2 2 0
1.2183982 0.2657861 0.2657861 2 2 0
1.2182991 0.2656161 0.2656161 2 2 0
1.2182 0.2654473 0.2654473 2 2 0
1.2181009 0.2652798 0.2652798 2 2 0
1.2180018 0.2651136 0.2651136 2 2 0
1.2179027 0.2649487 0.2649487 2 2 0
1.2178036 0.2647851 0.2647851 2 2 0
1.2177045 0.2646228 0.2646228 2 2 0
1.2176055 0.2644617 0.2644617 2 2 0
1.2175064 0.264302 0.264302 2 2 0
1.2174073 0.2641437 0.2641437 2 2 0
1.2173082 0.2639866 0.2639866 2 2 0
1.2172091 0.2638309 0.2638309 2 2 0
1.21711 0.2636765 0.2636765 2 2 0
1.2170109 0.2635235 0.2635235 2 2 0
1.2169118 0.2633718 0.2633718 2 2 0
1.2168128 0.2632215 0.2632215 2 2 0
1.2167137 0.2630695 0.2630695 2 2 0
1.2166146 0.2628988 0.2628988 2 2 0
1.2165155 0.2627272 0.2627272 2 2 0
1.2164164 0.2625455 0.2625455 2 2 0
1.2163173 0.2624071 0.2624071 2 2 0
1.2162182 0.2622936 0.2622936 2 2 0
1.2161191 0.262112 0.262112 2 2 0
1.2160201 0.2619316 0.2619316 2 2 0
1.215921 0.2617526 0.2617526 2 2 0
1.2158219 0.2615748 0.2615748 2 2 0
1.2157228 0.2613983 0.2613983 2 2 0
1.2156237 0.2612232 0.2612232 2 2 0
1.2155246 0.2610494 0.2610494 2 2 0
1.2154255 0.2608768 0.2608768 2 2 0
1.2153264 0.2607057 0.2607057 2 2 0
1.2152274 0.2605358 0.2605358 2 2 0
1.2151283 0.2603674 0.2603674 2 2 0
1.2150292 0.2602002 0.2602002 2 2 0
1.2149301 0.2600345 0.2600345 2 2 0
1.214831 0.2598857 0.2598857 2 2 0
1.2147319 0.2597422 0.2597422 2 2 0
1.2146328 0.2596 0.2596 2 2 0
1.2145337 0.259459 0.259459 2 2 0
1.2144347 0.2593193 0.2593193 2 2 0
1.2143356 0.2591809 0.2591809 2 2 0
1.2142365 0.2590437 0.2590437 2 2 0
1.2141374 0.2589078 0.2589078 2 2 0
1.2140383 0.2587731 0.2587731 2 2 0
1.2139392 0.2586398 0.2586398 2 2 0
1.2138401 0.2585035 0.2585035 2 2 0
1.213741 0.2582952 0.2582952 2 2 0
1.213642 0.2581483 0.2581483 2 2 0
1.2135429 0.258006 0.258006 2 2 0
1.2134438 0.2578546 0.2578546 2 2 0
1.2133447 0.2577065 0.2577065 2 2 0
1.2132456 0.2575504 0.2575504 2 2 0
1.2131465 0.2573901 0.2573901 2 2 0
1.2130474 0.257231 0.257231 2 2 0
1.2129483 0.2570731 0.2570731 2 2 0
1.2128493 0.2569165 0.2569165 2 2 0
1.2127502 0.2567611 0.2567611 2 2 0
1.2126511 0.256607 0.256607 2 2 0
1.212552 0.2564541 0.2564541 2 2 0
1.2124529 0.2563025 0.2563025 2 2 0
1.2123538 0.2561521 0.2561521 2 2 0
1.2122547 0.2560031 0.2560031 2 2 0
1.2121556 0.2558553 0.2558553 2 2 0
1.2120566 0.2557088 0.2557088 2 2 0
1.2119575 0.2555635 0.2555635 2 2 0
1.2118584 0.2554196 0.2554196 2 2 0
1.2117593 0.255277 0.255277 2 2 0
1.2116602 0.2551357 0.2551357 2 2 0
1.2115611 0.2549957 0.2549957 2 2 0
1.211462 0.2548432 0.2548432 2 2 0
1.2113629 0.2546725 0.2546725 2 2 0
1.2112639 0.2544796 0.2544796 2 2 0
1.2111648 0.2543244 0.2543244 2 2 0
1.2110657 0.2542222 0.2542222 2 2 0
1.2109666 0.2540935 0.2540935 2 2 0
1.2108675 0.2539252 0.2539252 2 2 0
1.2107684 0.2537579 0.2537579 2 2 0
1.2106693 0.2535918 0.2535918 2 2 0
1.2105702 0.253427 0.253427 2 2 0
1.2104712 0.2532635 0.2532635 2 2 0
1.2103721 0.2531013 0.2531013 2 2 0
1.210273 0.2529403 0.2529403 2 2 0
1.2101739 0.2527807 0.2527807 2 2 0
1.2100748 0.2526223 0.2526223 2 2 0
1.2099757 0.2524652 0.2524652 2 2 0
1.2098766 0.2523095 0.2523095 2 2 0
1.2097775 0.2521551 0.2521551 2 2 0
1.2096785 0.2520019 0.2520019 2 2 0
1.2095794 0.2518502 0.2518502 2 2 0
1.2094803 0.2516997 0.2516997 2 2 0
1.2093812 0.2515506 0.2515506 2 2 0
1.2092821 0.2514029 0.2514029 2 2 0
1.209183 0.2512558 0.2512558 2 2 0
1.2090839 0.2511028 0.2511028 2 2 0
1.2089848 0.2509533 0.2509533 2 2 0
1.2088858 0.250805 0.250805 2 2 0
1.2087867 0.2506583 0.2506583 2 2 0
1.2086876 0.2505169 0.2505169 2 2 0
1.2085885 0.2503699 0.2503699 2 2 0
1.2084894 0.2501946 0.2501946 2 2 0
1.2083903 0.2500204 0.2500204 2 2 0
1.2082912 0.2498634 0.2498634 2 2 0
1.2081921 0.2497115 0.2497115 2 2 0
1.2080931 0.2495627 0.2495627 2 2 0
1.207994 0.2494138 0.2494138 2 2 0
1.2078949 0.2492657 0.2492657 2 2 0
1.2077958 0.2491188 0.2491188 2 2 0
1.2076967 0.2489731 0.2489731 2 2 0
1.2075976 0.2488286 0.2488286 2 2 0
1.2074985 0.2486853 0.2486853 2 2 0
1.2073994 0.2485432 0.2485432 2 2 0
1.2073004 0.2484023 0.2484023 2 2 0
1.2072013 0.2482627 0.2482627 2 2 0
1.2071022 0.2481243 0.2481243 2 2 0
1.2070031 0.2479871 0.2479871 2 2 0
1.206904 0.2478512 0.2478512 2 2 0
1.2068049 0.2477166 0.2477166 2 2 0
1.2067058 0.2475831 0.2475831 2 2 0
1.2066067 0.247451 0.247451 2 2 0
1.2065077 0.2473201 0.2473201 2 2 0
1.2064086 0.2471905 0.2471905 2 2 0
1.2063095 0.2470301 0.2470301 2 2 0
1.2062104 0.2468279 0.2468279 2 2 0
1.2061113 0.2466939 0.2466939 2 2 0
1.2060122 0.2465734 0.2465734 2 2 0
1.2059131 0.2464363 0.2464363 2 2 0
1.205814 0.2463022 0.2463022 2 2 0
1.205715 0.246149 0.246149 2 2 0
1.2056159 0.2459946 0.2459946 2 2 0
1.2055168 0.2458413 0.2458413 2 2 0
1.2054177 0.2456893 0.2456893 2 2 0
1.2053186 0.2455386 0.2455386 2 2 0
1.2052195 0.245389 0.245389 2 2 0
1.2051204 0.2452408 0.2452408 2 2 0
1.2050214 0.2450937 0.2450937 2 2 0
1.2049223 0.244948 0.244948 2 2 0
1.2048232 0.2448035 0.2448035 2 2 0
1.2047241 0.2446602 0.2446602 2 2 0
1.204625 0.2445182 0.2445182 2 2 0
1.2045259 0.2443776 0.2443776 2 2 0
1.2044268 0.2442382 0.2442382 2 2 0
1.2043277 0.2441 0.2441 2 2 0
1.2042287 0.2439632 0.2439632 2 2 0
1.2041296 0.2438262 0.2438262 2 2 0
1.2040305 0.2436679 0.2436679 2 2 0
1.2039314 0.2435129 0.2435129 2 2 0
1.2038323 0.2433411 0.2433411 2 2 0
1.2037332 0.2431862 0.2431862 2 2 0
1.2036341 0.2430961 0.2430961 2 2 0
1.203535 0.2429662 0.2429662 2 2 0
1.203436 0.2428044 0.2428044 2 2 0
1.2033369 0.2426438 0.2426438 2 2 0
1.2032378 0.2424845 0.2424845 2 2 0
1.2031387 0.2423264 0.2423264 2 2 0
1.2030396 0.2421696 0.2421696 2 2 0
1.2029405 0.242014 0.242014 2 2 0
1.2028414 0.2418598 0.2418598 2 2 0
1.2027423 0.2417068 0.2417068 2 2 0
1.2026433 0.2415551 0.2415551 2 2 0
1.2025442 0.2414047 0.2414047 2 2 0
1.2024451 0.2412556 0.2412556 2 2 0
1.202346 0.2411078 0.2411078 2 2 0
1.2022469 0.2409613 0.2409613 2 2 0
1.2021478 0.2408161 0.2408161 2 2 0
1.2020487 0.2406723 0.2406723 2 2 0
1.2019496 0.2405298 0.2405298 2 2 0
1.2018506 0.2403867 0.2403867 2 2 0
1.2017515 0.2402459 0.2402459 2 2 0
1.2016524 0.2401083 0.2401083 2 2 0
1.2015533 0.2399762 0.2399762 2 2 0
1.2014542 0.2398555 0.2398555 2 2 0
1.2013551 0.2397361 0.2397361 2 2 0
1.201256 0.2395759 0.2395759 2 2 0
1.2011569 0.2394274 0.2394274 2 2 0
1.2010579 0.239283 0.239283 2 2 0
1.2009588 0.2391385 0.2391385 2 2 0
1.2008597 0.238997 0.238997 2 2 0
1.2007606 0.2388582 0.2388582 2 2 0
1.2006615 0.2387169 0.2387169 2 2 0
1.2005624 0.2385749 0.2385749 2 2 0
1.2004633 0.2384341 0.2384341 2 2 0
1.2003642 0.2382945 0.2382945 2 2 0
1.2002652 0.2381561 0.2381561 2 2 0
1.2001661 0.2380189 0.2380189 2 2 0
1.200067 0.2378829 0.2378829 2 2 0
1.1999679 0.2377481 0.2377481 2 2 0
1.1998688 0.2376145 0.2376145 2 2 0
1.1997697 0.2374821 0.2374821 2 2 0
1.1996706 0.237351 0.237351 2 2 0
1.1995715 0.2372211 0.2372211 2 2 0
1.1994725 0.2370924 0.2370924 2 2 0
1.1993734 0.236965 0.236965 2 2 0
1.1992743 0.2368388 0.2368388 2 2 0
1.1991752 0.2367139 0.2367139 2 2 0
1.1990761 0.2365521 0.2365521 2 2 0
1.198977 0.2363664 0.2363664 2 2 0
1.1988779 0.2362299 0.2362299 2 2 0
1.1987788 0.2361198 0.2361198 2 2 0
1.1986798 0.2359903 0.2359903 2 2 0
1.1985807 0.2358635 0.2358635 2 2 0
1.1984816 0.2357209 0.2357209 2 2 0
1.1983825 0.2355733 0.2355733 2 2 0
1.1982834 0.2354268 0.2354268 2 2 0
1.1981843 0.2352816 0.2352816 2 2 0
1.1980852 0.2351376 0.2351376 2 2 0
1.1979861 0.2349948 0.2349948 2 2 0
1.1978871 0.2348533 0.2348533 2 2 0
1.197788 0.234713 0.234713 2 2 0
1.1976889 0.2345739 0.2345739 2 2 0
1.1975898 0.2344361 0.2344361 2 2 0
1.1974907 0.2342995 0.2342995 2 2 0
1.1973916 0.2341642 0.2341642 2 2 0
1.1972925 0.2340302 0.2340302 2 2 0
1.1971934 0.2338974 0.2338974 2 2 0
1.1970944 0.2337659 0.2337659 2 2 0
1.1969953 0.2336288 0.2336288 2 2 0
1.1968962 0.2334792 0.2334792 2 2 0
1.1967971 0.2333327 0.2333327 2 2 0
1.196698 0.2331727 0.2331727 2 2 0
1.1965989 0.2330158 0.2330158 2 2 0
1.1964998 0.2329328 0.2329328 2 2 0
1.1964007 0.2328155 0.2328155 2 2 0
1.1963017 0.2326612 0.2326612 2 2 0
1.1962026 0.2325081 0.2325081 2 2 0
1.1961035 0.2323563 0.2323563 2 2 0
1.1960044 0.2322057 0.2322057 2 2 0
1.1959053 0.2320563 0.2320563 2 2 0
1.1958062 0.2319082 0.2319082 2 2 0
1.1957071 0.2317614 0.2317614 2 2 0
1.195608 0.2316158 0.2316158 2 2 0
1.195509 0.2314715 0.2314715 2 2 0
1.1954099 0.2313285 0.2313285 2 2 0
1.1953108 0.2311867 0.2311867 2 2 0
1.1952117 0.2310463 0.2310463 2 2 0
1.1951126 0.2309071 0.2309071 2 2 0
1.1950135 0.2307692 0.2307692 2 2 0
1.1949144 0.2306326 0.2306326 2 2 0
1.1948153 0.2304944 0.2304944 2 2 0
1.1947163 0.2303591 0.2303591 2 2 0
1.1946172 0.2302267 0.2302267 2 2 0
1.1945181 0.2300969 0.2300969 2 2 0
1.194419 0.2299728 0.2299728 2 2 0
1.1943199 0.229858 0.229858 2 2 0
1.1942208 0.229714 0.229714 2 2 0
1.1941217 0.2295702 0.2295702 2 2 0
1.1940226 0.2294306 0.2294306 2 2 0
1.1939236 0.2292917 0.2292917 2 2 0
1.1938245 0.2291552 0.2291552 2 2 0
1.1937254 0.2290213 0.2290213 2 2 0
1.1936263 0.2288897 0.2288897 2 2 0
1.1935272 0.2287544 0.2287544 2 2 0
1.1934281 0.2286202 0.2286202 2 2 0
1.193329 0.2284872 0.2284872 2 2 0
1.1932299 0.2283553 0.2283553 2 2 0
1.1931309 0.2282246 0.2282246 2 2 0
1.1930318 0.2280951 0.2280951 2 2 0
1.1929327 0.2279669 0.2279669 2 2 0
1.1928336 0.2278398 0.2278398 2 2 0
1.1927345 0.2277139 0.2277139 2 2 0
1.1926354 0.2275892 0.2275892 2 2 0
1.1925363 0.2274657 0.2274657 2 2 0
1.1924372 0.2273434 0.2273434 2 2 0
1.1923382 0.2272224 0.2272224 2 2 0
1.1922391 0.2271025 0.2271025 2 2 0
1.19214 0.2269574 0.2269574 2 2 0
1.1920409 0.2267874 0.2267874 2 2 0
1.1919418 0.2266393 0.2266393 2 2 0
1.1918427 0.2265279 0.2265279 2 2 0
1.1917436 0.226407 0.226407 2 2 0
1.1916445 0.2262827 0.2262827 2 2 0
1.1915455 0.2261607 0.2261607 2 2 0
1.1914464 0.2260202 0.2260202 2 2 0
1.1913473 0.2258809 0.2258809 2 2 0
1.1912482 0.2257428 0.2257428 2 2 0
1.1911491 0.2256059 0.2256059 2 2 0
1.19105 0.2254702 0.2254702 2 2 0
1.1909509 0.2253358 0.2253358 2 2 0
1.1908518 0.2252025 0.2252025 2 2 0
1.1907528 0.2250705 0.2250705 2 2 0
1.1906537 0.2249396 0.2249396 2 2 0
1.1905546 0.22481 0.22481 2 2 0
1.1904555 0.2246817 0.2246817 2 2 0
1.1903564 0.2245545 0.2245545 2 2 0
1.1902573 0.2244286 0.2244286 2 2 0
1.1901582 0.224304 0.224304 2 2 0
1.1900591 0.2241585 0.2241585 2 2 0
1.1899601 0.2240151 0.2240151 2 2 0
1.189861 0.2238635 0.2238635 2 2 0
1.1897619 0.2237068 0.2237068 2 2 0
1.1896628 0.2236085 0.2236085 2 2 0
1.1895637 0.2235029 0.2235029 2 2 0
1.1894646 0.2233816 0.2233816 2 2 0
1.1893655 0.2232363 0.2232363 2 2 0
1.1892664 0.2230921 0.2230921 2 2 0
1.1891674 0.2229492 0.2229492 2 2 0
1.1890683 0.2228075 0.2228075 2 2 0
1.1889692 0.222667 0.222667 2 2 0
1.1888701 0.2225278 0.2225278 2 2 0
1.188771 0.2223898 0.2223898 2 2 0
1.1886719 0.222253 0.222253 2 2 0
1.1885728 0.2221175 0.2221175 2 2 0
1.1884737 0.2219833 0.2219833 2 2 0
1.1883747 0.2218503 0.2218503 2 2 0
1.1882756 0.2217185 0.2217185 2 2 0
1.1881765 0.221588 0.221588 2 2 0
1.1880774 0.2214545 0.2214545 2 2 0
1.1879783 0.2213197 0.2213197 2 2 0
1.1878792 0.2211876 0.2211876 2 2 0
1.1877801 0.2210582 0.2210582 2 2 0
1.187681 0.220927 0.220927 2 2 0
1.187582 0.2207993 0.2207993 2 2 0
1.1874829 0.2206923 0.2206923 2 2 0
1.1873838 0.2205491 0.2205491 2 2 0
1.1872847 0.2203991 0.2203991 2 2 0
1.1871856 0.2202503 0.2202503 2 2 0
1.1870865 0.2201028 0.2201028 2 2 0
1.1869874 0.2199607 0.2199607 2 2 0
1.1868883 0.2198302 0.2198302 2 2 0
1.1867893 0.2197021 0.2197021 2 2 0
1.1866902 0.219575 0.219575 2 2 0
1.1865911 0.2194486 0.2194486 2 2 0
1.186492 0.2193233 0.2193233 2 2 0
1.1863929 0.2191992 0.2191992 2 2 0
1.1862938 0.2190763 0.2190763 2 2 0
1.1861947 0.2189545 0.2189545 2 2 0
1.1860956 0.2188339 0.2188339 2 2 0
1.1859966 0.2187144 0.2187144 2 2 0
1.1858975 0.2185962 0.2185962 2 2 0
1.1857984 0.2184791 0.2184791 2 2 0
1.1856993 0.2183632 0.2183632 2 2 0
1.1856002 0.2182485 0.2182485 2 2 0
1.1855011 0.218135 0.218135 2 2 0
1.185402 0.2179948 0.2179948 2 2 0
1.1853029 0.2178269 0.2178269 2 2 0
1.1852039 0.2177068 0.2177068 2 2 0
1.1851048 0.2175902 0.2175902 2 2 0
1.1850057 0.2174651 0.2174651 2 2 0
1.1849066 0.2173419 0.2173419 2 2 0
1.1848075 0.2172212 0.2172212 2 2 0
1.1847084 0.2170956 0.2170956 2 2 0
1.1846093 0.2169646 0.2169646 2 2 0
1.1845102 0.2168347 0.2168347 2 2 0
1.1844112 0.2167059 0.2167059 2 2 0
1.1843121 0.2165784 0.2165784 2 2 0
1.184213 0.2164521 0.2164521 2 2 0
1.1841139 0.2163269 0.2163269 2 2 0
1.1840148 0.2162029 0.2162029 2 2 0
1.1839157 0.2160801 0.2160801 2 2 0
1.1838166 0.2159586 0.2159586 2 2 0
1.1837175 0.2158382 0.2158382 2 2 0
1.1836185 0.215719 0.215719 2 2 0
1.1835194 0.2156011 0.2156011 2 2 0
1.1834203 0.2154612 0.2154612 2 2 0
1.1833212 0.2153197 0.2153197 2 2 0
1.1832221 0.2151622 0.2151622 2 2 0
1.183123 0.215024 0.215024 2 2 0
1.1830239 0.2149313 0.2149313 2 2 0
1.1829248 0.2148186 0.2148186 2 2 0
1.1828258 0.2147058 0.2147058 2 2 0
1.1827267 0.2145782 0.2145782 2 2 0
1.1826276 0.2144427 0.2144427 2 2 0
1.1825285 0.2143084 0.2143084 2 2 0
1.1824294 0.2141753 0.2141753 2 2 0
1.1823303 0.2140434 0.2140434 2 2 0
1.1822312 0.2139127 0.2139127 2 2 0
1.1821321 0.2137833 0.2137833 2 2 0
1.1820331 0.213655 0.213655 2 2 0
1.181934 0.2135279 0.2135279 2 2 0
1.1818349 0.2134021 0.2134021 2 2 0
1.1817358 0.2132775 0.2132775 2 2 0
1.1816367 0.2131541 0.2131541 2 2 0
1.1815376 0.2130277 0.2130277 2 2 0
1.1814385 0.2128924 0.2128924 2 2 0
1.1813394 0.2127598 0.2127598 2 2 0
1.1812404 0.2126297 0.2126297 2 2 0
1.1811413 0.2124903 0.2124903 2 2 0
1.1810422 0.2123547 0.2123547 2 2 0
1.1809431 0.2122678 0.2122678 2 2 0
1.180844 0.2121606 0.2121606 2 2 0
1.1807449 0.2120198 0.2120198 2 2 0
1.1806458 0.2118801 0.2118801 2 2 0
1.1805467 0.2117417 0.2117417 2 2 0
1.1804477 0.2116044 0.2116044 2 2 0
1.1803486 0.2114684 0.2114684 2 2 0
1.1802495 0.2113337 0.2113337 2 2 0
1.1801504 0.2112001 0.2112001 2 2 0
1.1800513 0.2110678 0.2110678 2 2 0
1.1799522 0.2109367 0.2109367 2 2 0
1.1798531 0.2108069 0.2108069 2 2 0
1.179754 0.2106783 0.2106783 2 2 0
1.179655 0.210551 0.210551 2 2 0
1.1795559 0.2104228 0.2104228 2 2 0
1.1794568 0.2102971 0.2102971 2 2 0
1.1793577 0.2101739 0.2101739 2 2 0
1.1792586 0.2100532 0.2100532 2 2 0
1.1791595 0.2099401 0.2099401 2 2 0
1.1790604 0.2098325 0.2098325 2 2 0
1.1789613 0.2097261 0.2097261 2 2 0
1.1788623 0.2095902 0.2095902 2 2 0
1.1787632 0.2094596 0.2094596 2 2 0
1.1786641 0.2093325 0.2093325 2 2 0
1.178565 0.2092061 0.2092061 2 2 0
1.1784659 0.2090813 0.2090813 2 2 0
1.1783668 0.2089587 0.2089587 2 2 0
1.1782677 0.2088383 0.2088383 2 2 0
1.1781686 0.2087199 0.2087199 2 2 0
1.1780696 0.2085977 0.2085977 2 2 0
1.1779705 0.2084766 0.2084766 2 2 0
1.1778714 0.2083567 0.2083567 2 2 0
1.1777723 0.208238 0.208238 2 2 0
1.1776732 0.2081204 0.2081204 2 2 0
1.1775741 0.2080039 0.2080039 2 2 0
1.177475 0.2078887 0.2078887 2 2 0
1.177376 0.2077746 0.2077746 2 2 0
1.1772769 0.2076617 0.2076617 2 2 0
1.1771778 0.2075499 0.2075499 2 2 0
1.1770787 0.2074393 0.2074393 2 2 0
1.1769796 0.2073042 0.2073042 2 2 0
1.1768805 0.2071512 0.2071512 2 2 0
1.1767814 0.2070146 0.2070146 2 2 0
1.1766823 0.206907 0.206907 2 2 0
1.1765833 0.2067951 0.2067951 2 2 0
1.1764842 0.2066786 0.2066786 2 2 0
1.1763851 0.2065643 0.2065643 2 2 0
1.176286 0.2064516 0.2064516 2 2 0
1.1761869 0.2063253 0.2063253 2 2 0
1.1760878 0.2062002 0.2062002 2 2 0
1.1759887 0.2060762 0.2060762 2 2 0
1.1758896 0.2059534 0.2059534 2 2 0
1.1757906 0.2058318 0.2058318 2 2 0
1.1756915 0.2057114 0.2057114 2 2 0
1.1755924 0.2055921 0.2055921 2 2 0
1.1754933 0.2054741 0.2054741 2 2 0
1.1753942 0.2053572 0.2053572 2 2 0
1.1752951 0.2052415 0.2052415 2 2 0
1.175196 0.2051263 0.2051263 2 2 0
1.1750969 0.2049903 0.2049903 2 2 0
1.1749979 0.2048566 0.2048566 2 2 0
1.1748988 0.2047161 0.2047161 2 2 0
1.1747997 0.2045677 0.2045677 2 2 0
1.1747006 0.2044718 0.2044718 2 2 0
1.1746015 0.2043733 0.2043733 2 2 0
1.1745024 0.2042656 0.2042656 2 2 0
1.1744033 0.2041527 0.2041527 2 2 0
1.1743042 0.2040225 0.2040225 2 2 0
1.1742052 0.2038936 0.2038936 2 2 0
1.1741061 0.2037658 0.2037658 2 2 0
1.174007 0.2036392 0.2036392 2 2 0
1.1739079 0.2035138 0.2035138 2 2 0
1.1738088 0.2033896 0.2033896 2 2 0
1.1737097 0.2032666 0.2032666 2 2 0
1.1736106 0.2031448 0.2031448 2 2 0
1.1735115 0.2030242 0.2030242 2 2 0
1.1734125 0.2029048 0.2029048 2 2 0
1.1733134 0.2027796 0.2027796 2 2 0
1.1732143 0.2026509 0.2026509 2 2 0
1.1731152 0.2025245 0.2025245 2 2 0
1.1730161 0.2024004 0.2024004 2 2 0
1.172917 0.2022712 0.2022712 2 2 0
1.1728179 0.2021429 0.2021429 2 2 0
1.1727188 0.2020433 0.2020433 2 2 0
1.1726198 0.2019485 0.2019485 2 2 0
1.1725207 0.2018208 0.2018208 2 2 0
1.1724216 0.201687 0.201687 2 2 0
1.1723225 0.2015545 0.2015545 2 2 0
1.1722234 0.2014231 0.2014231 2 2 0
1.1721243 0.2012929 0.2012929 2 2 0
1.1720252 0.201164 0.201164 2 2 0
1.1719261 0.2010363 0.2010363 2 2 0
1.1718271 0.2009098 0.2009098 2 2 0
1.171728 0.2007845 0.2007845 2 2 0
1.1716289 0.2006604 0.2006604 2 2 0
1.1715298 0.2005368 0.2005368 2 2 0
1.1714307 0.2004135 0.2004135 2 2 0
1.1713316 0.2002926 0.2002926 2 2 0
1.1712325 0.2001739 0.2001739 2 2 0
1.1711334 0.2000576 0.2000576 2 2 0
1.1710344 0.1999479 0.1999479 2 2 0
1.1709353 0.1998439 0.1998439 2 2 0
1.1708362 0.1997411 0.1997411 2 2 0
1.1707371 0.1996163 0.1996163 2 2 0
1.170638 0.1994905 0.1994905 2 2 0
1.1705389 0.1993679 0.1993679 2 2 0
1.1704398 0.199247 0.199247 2 2 0
1.1703407 0.1991269 0.1991269 2 2 0
1.1702417 0.1990088 0.1990088 2 2 0
1.1701426 0.1988929 0.1988929 2 2 0
1.1700435 0.198779 0.198779 2 2 0
1.1699444 0.1986658 0.1986658 2 2 0
1.1698453 0.1985501 0.1985501 2 2 0
1.1697462 0.1984355 0.1984355 2 2 0
1.1696471 0.198322 0.198322 2 2 0
1.169548 0.1982096 0.1982096 2 2 0
1.169449 0.1980984 0.1980984 2 2 0
