2 0.5 0.5 2 1 0
1.998 0.5 0.5 2 1 0
1.997 0.5 0.5 2 1 0
1.996 0.5 0.5 2 1 0
1.995 0.5 0.5 2 1 0
1.994 0.5 0.5 2 1 0
1.993 0.5 0.5 2 1 0
1.992 0.5 0.5 2 1 0
1.991 0.5 0.5 2 1 0
1.99 0.5 0.5 2 1 0
1.989 0.5 0.5 2 1 0
1.988 0.5 0.5 2 1 0
1.987 0.5 0.5 2 1 0
1.986 0.5 0.5 2 1 0
1.985 0.5 0.5 2 1 0
1.984 0.5 0.5 2 1 0
1.983 0.5 0.5 2 1 0
1.982 0.5 0.5 2 1 0
1.981 0.5 0.5 2 1 0
1.98 0.5 0.5 2 1 0
1.979 0.5 0.5 2 1 0
1.978 0.5 0.5 2 1 0
1.977 0.5 0.5 2 1 0
1.976 0.5 0.5 2 1 0
1.975 0.5 0.5 2 1 0
1.974 0.5 0.5 2 1 0
1.973 0.5 0.5 2 1 0
1.972 0.5 0.5 2 1 0
1.971 0.5 0.5 2 1 0
1.97 0.5 0.5 2 1 0
1.969 0.5 0.5 2 1 0
1.968 0.5 0.5 2 1 0
1.967 0.5 0.5 2 1 0
1.966 0.5 0.5 2 1 0
1.965 0.5 0.5 2 1 0
1.964 0.5 0.5 2 1 0
1.963 0.5 0.5 2 1 0
1.962 0.5 0.5 2 1 0
1.961 0.5 0.5 2 1 0
1.96 0.5 0.5 2 1 0
1.959 0.5 0.5 2 1 0
1.958 0.5 0.5 2 1 0
1.957 0.5 0.5 2 1 0
1.956 0.5 0.5 2 1 0
1.955 0.5 0.5 2 1 0
1.954 0.5 0.5 2 1 0
1.953 0.5 0.5 2 1 0
1.952 0.5 0.5 2 1 0
1.951 0.5 0.5 2 1 0
1.95 0.5 0.5 2 1 0
1.949 0.5 0.5 2 1 0
1.948 0.5 0.5 2 1 0
1.947 0.5 0.5 2 1 0
1.946 0.5 0.5 2 1 0
1.945 0.5 0.5 2 1 0
1.944 0.5 0.5 2 1 0
1.943 0.5 0.5 2 1 0
1.942 0.5 0.5 2 1 0
1.941 0.5 0.5 2 1 0
1.94 0.5 0.5 2 1 0
1.939 0.5 0.5 2 1 0
1.938 0.5 0.5 2 1 0
1.937 0.5 0.5 2 1 0
1.936 0.5 0.5 2 1 0
1.935 0.5 0.5 2 1 0
1.934 0.5 0.5 2 1 0
1.933 0.5 0.5 2 1 0
1.932 0.5 0.5 2 1 0
1.931 0.5 0.5 2 1 0
1.93 0.5 0.5 2 1 0
1.929 0.5 0.5 2 1 0
1.928 0.5 0.5 2 1 0
1.927 0.5 0.5 2 1 0
1.926 0.5 0.5 2 1 0
1.925 0.5 0.5 2 1 0
1.924 0.5 0.5 2 1 0
1.923 0.5 0.5 2 1 0
1.922 0.5 0.5 2 1 0
1.921 0.5 0.5 2 1 0
1.92 0.5 0.5 2 1 0
1.919 0.5 0.5 2 1 0
1.918 0.5 0.5 2 1 0
1.917 0.5 0.5 2 1 0
1.916 0.5 0.5 2 1 0
1.915 0.5 0.5 2 1 0
1.914 0.5 0.5 2 1 0
1.913 0.5 0.5 2 1 0
1.912 0.5 0.5 2 1 0
1.911 0.5 0.5 2 1 0
1.91 0.5 0.5 2 1 0
1.909 0.5 0.5 2 1 0
1.908 0.5 0.5 2 1 0
1.907 0.5 0.5 2 1 0
1.906 0.5 0.5 2 1 0
1.905 0.5 0.5 2 1 0
1.904 0.5 0.5 2 1 0
1.903 0.5 0.5 2 1 0
1.902 0.5 0.5 2 1 0
1.901 0.5 0.5 2 1 0
1.9 0.5 0.5 2 1 0
1.899 0.5 0.5 2 1 0
1.898 0.5 0.5 2 1 0
1.897 0.5 0.5 2 1 0
1.896 0.5 0.5 2 1 0
1.895 0.5 0.5 2 1 0
1.894 0.5 0.5 2 1 0
1.893 0.5 0.5 2 1 0
1.892 0.5 0.5 2 1 0
1.891 0.5 0.5 2 1 0
1.89 0.5 0.5 2 1 0
1.889 0.5 0.5 2 1 0
1.888 0.5 0.5 2 1 0
1.887 0.5 0.5 2 1 0
1.886 0.5 0.5 2 1 0
1.885 0.5 0.5 2 1 0
1.884 0.5 0.5 2 1 0
1.883 0.5 0.5 2 1 0
1.882 0.5 0.5 2 1 0
1.881 0.5 0.5 2 1 0
1.88 0.5 0.5 2 1 0
1.879 0.5 0.5 2 1 0
1.878 0.5 0.5 2 1 0
1.877 0.5 0.5 2 1 0
1.876 0.5 0.5 2 1 0
1.875 0.5 0.5 2 1 0
1.874 0.5 0.5 2 1 0
1.873 0.5 0.5 2 1 0
1.872 0.5 0.5 2 1 0
1.871 0.5 0.5 2 1 0
1.87 0.5 0.5 2 1 0
1.869 0.5 0.5 2 1 0
1.868 0.5 0.5 2 1 0
1.867 0.5 0.5 2 1 0
1.866 0.5 0.5 2 1 0
1.865 0.5 0.5 2 1 0
1.864 0.5 0.5 2 1 0
1.863 0.5 0.5 2 1 0
1.862 0.5 0.5 2 1 0
1.861 0.5 0.5 2 1 0
1.86 0.5 0.5 2 1 0
1.859 0.5 0.5 2 1 0
1.858 0.5 0.5 2 1 0
1.857 0.5 0.5 2 1 0
1.856 0.5 0.5 2 1 0
1.855 0.5 0.5 2 1 0
1.854 0.5 0.5 2 1 0
1.853 0.5 0.5 2 1 0
1.852 0.5 0.5 2 1 0
1.851 0.5 0.5 2 1 0
1.85 0.5 0.5 2 1 0
1.849 0.5 0.5 2 1 0
1.848 0.5 0.5 2 1 0
1.847 0.5 0.5 2 1 0
1.846 0.5 0.5 2 1 0
1.845 0.5 0.5 2 1 0
1.844 0.5 0.5 2 1 0
1.843 0.5 0.5 2 1 0
1.842 0.5 0.5 2 1 0
1.841 0.5 0.5 2 1 0
1.84 0.5 0.5 2 1 0
1.839 0.5 0.5 2 1 0
1.838 0.5 0.5 2 1 0
1.837 0.5 0.5 2 1 0
1.836 0.5 0.5 2 1 0
1.835 0.5 0.5 2 1 0
1.834 0.5 0.5 2 1 0
1.833 0.5 0.5 2 1 0
1.832 0.5 0.5 2 1 0
1.831 0.5 0.5 2 1 0
1.83 0.5 0.5 2 1 0
1.829 0.5 0.5 2 1 0
1.828 0.5 0.5 2 1 0
1.827 0.5 0.5 2 1 0
1.826 0.5 0.5 2 1 0
1.825 0.5 0.5 2 1 0
1.824 0.5 0.5 2 1 0
1.823 0.5 0.5 2 1 0
1.822 0.5 0.5 2 1 0
1.821 0.5 0.5 2 1 0
1.82 0.5 0.5 2 1 0
1.819 0.5 0.5 2 1 0
1.818 0.5 0.5 2 1 0
1.817 0.5 0.5 2 1 0
1.816 0.5 0.5 2 1 0
1.815 0.5 0.5 2 1 0
1.814 0.5 0.5 2 1 0
1.813 0.5 0.5 2 1 0
1.812 0.5 0.5 2 1 0
1.811 0.5 0.5 2 1 0
1.81 0.5 0.5 2 1 0
1.809 0.5 0.5 2 1 0
1.808 0.5 0.5 2 1 0
1.807 0.5 0.5 2 1 0
1.806 0.5 0.5 2 1 0
1.805 0.5 0.5 2 1 0
1.804 0.5 0.5 2 1 0
1.803 0.5 0.5 2 1 0
1.802 0.5 0.5 2 1 0
1.801 0.5 0.5 2 1 0
1.8 0.5 0.5 2 1 0
1.8 0.5 0.5 2 1 0
1.798 0.5 0.5 2 1 0
1.797 0.5 0.5 2 1 0
1.796 0.5 0.5 2 1 0
1.795 0.5 0.5 2 1 0
1.794 0.5 0.5 2 1 0
1.793 0.5 0.5 2 1 0
1.792 0.5 0.5 2 1 0
1.791 0.5 0.5 2 1 0
1.79 0.5 0.5 2 1 0
1.789 0.5 0.5 2 1 0
1.788 0.5 0.5 2 1 0
1.787 0.5 0.5 2 1 0
1.786 0.5 0.5 2 1 0
1.785 0.5 0.5 2 1 0
1.784 0.5 0.5 2 1 0
1.783 0.5 0.5 2 1 0
1.782 0.5 0.5 2 1 0
1.781 0.5 0.5 2 1 0
1.78 0.5 0.5 2 1 0
1.779 0.5 0.5 2 1 0
1.778 0.5 0.5 2 1 0
1.777 0.5 0.5 2 1 0
1.776 0.5 0.5 2 1 0
1.775 0.5 0.5 2 1 0
1.774 0.5 0.5 2 1 0
1.773 0.5 0.5 2 1 0
1.772 0.5 0.5 2 1 0
1.771 0.5 0.5 2 1 0
1.77 0.5 0.5 2 1 0
1.769 0.5 0.5 2 1 0
1.768 0.5 0.5 2 1 0
1.767 0.5 0.5 2 1 0
1.766 0.5 0.5 2 1 0
1.765 0.5 0.5 2 1 0
1.764 0.5 0.5 2 1 0
1.763 0.5 0.5 2 1 0
1.762 0.5 0.5 2 1 0
1.761 0.5 0.5 2 1 0
1.76 0.5 0.5 2 1 0
1.759 0.5 0.5 2 1 0
1.758 0.5 0.5 2 1 0
1.757 0.5 0.5 2 1 0
1.756 0.5 0.5 2 1 0
1.755 0.5 0.5 2 1 0
1.754 0.5 0.5 2 1 0
1.753 0.5 0.5 2 1 0
1.752 0.5 0.5 2 1 0
1.751 0.5 0.5 2 1 0
1.75 0.5 0.5 2 1 0
1.749 0.5 0.5 2 1 0
1.748 0.5 0.5 2 1 0
1.747 0.5 0.5 2 1 0
1.746 0.5 0.5 2 1 0
1.745 0.5 0.5 2 1 0
1.744 0.5 0.5 2 1 0
1.743 0.5 0.5 2 1 0
1.742 0.5 0.5 2 1 0
1.741 0.5 0.5 2 1 0
1.74 0.5 0.5 2 1 0
1.739 0.5 0.5 2 1 0
1.738 0.5 0.5 2 1 0
1.737 0.5 0.5 2 1 0
1.736 0.5 0.5 2 1 0
1.735 0.5 0.5 2 1 0
1.734 0.5 0.5 2 1 0
1.733 0.5 0.5 2 1 0
1.732 0.5 0.5 2 1 0
1.731 0.5 0.5 2 1 0
1.73 0.5 0.5 2 1 0
1.729 0.5 0.5 2 1 0
1.728 0.5 0.5 2 1 0
1.727 0.5 0.5 2 1 0
1.726 0.5 0.5 2 1 0
1.725 0.5 0.5 2 1 0
1.724 0.5 0.5 2 1 0
1.723 0.5 0.5 2 1 0
1.722 0.5 0.5 2 1 0
1.721 0.5 0.5 2 1 0
1.72 0.5 0.5 2 1 0
1.719 0.5 0.5 2 1 0
1.718 0.5 0.5 2 1 0
1.717 0.5 0.5 2 1 0
1.716 0.5 0.5 2 1 0
1.715 0.5 0.5 2 1 0
1.714 0.5 0.5 2 1 0
1.713 0.5 0.5 2 1 0
1.712 0.5 0.5 2 1 0
1.711 0.5 0.5 2 1 0
1.71 0.5 0.5 2 1 0
1.709 0.5 0.5 2 1 0
1.708 0.5 0.5 2 1 0
1.707 0.5 0.5 2 1 0
1.706 0.5 0.5 2 1 0
1.705 0.5 0.5 2 1 0
1.704 0.5 0.5 2 1 0
1.703 0.5 0.5 2 1 0
1.702 0.5 0.5 2 1 0
1.701 0.5 0.5 2 1 0
1.7 0.5 0.5 2 1 0
1.699 0.5 0.5 2 1 0
1.698 0.5 0.5 2 1 0
1.697 0.5 0.5 2 1 0
1.696 0.5 0.5 2 1 0
1.695 0.5 0.5 2 1 0
1.694 0.5 0.5 2 1 0
1.693 0.5 0.5 2 1 0
1.692 0.5 0.5 2 1 0
1.691 0.5 0.5 2 1 0
1.69 0.5 0.5 2 1 0
1.689 0.5 0.5 2 1 0
1.688 0.5 0.5 2 1 0
1.687 0.5 0.5 2 1 0
1.686 0.5 0.5 2 1 0
1.685 0.5 0.5 2 1 0
1.684 0.5 0.5 2 1 0
1.683 0.5 0.5 2 1 0
1.682 0.5 0.5 2 1 0
1.681 0.5 0.5 2 1 0
1.68 0.5 0.5 2 1 0
1.679 0.5 0.5 2 1 0
1.678 0.5 0.5 2 1 0
1.677 0.5 0.5 2 1 0
1.676 0.5 0.5 2 1 0
1.675 0.5 0.5 2 1 0
1.674 0.5 0.5 2 1 0
1.673 0.5 0.5 2 1 0
1.672 0.5 0.5 2 1 0
1.671 0.5 0.5 2 1 0
1.67 0.5 0.5 2 1 0
1.669 0.5 0.5 2 1 0
1.668 0.5 0.5 2 1 0
1.667 0.5 0.5 2 1 0
1.666 0.5 0.5 2 1 0
1.665 0.5 0.5 2 1 0
1.664 0.5 0.5 2 1 0
1.663 0.5 0.5 2 1 0
1.662 0.5 0.5 2 1 0
1.661 0.5 0.5 2 1 0
1.66 0.5 0.5 2 1 0
1.659 0.5 0.5 2 1 0
1.658 0.5 0.5 2 1 0
1.657 0.5 0.5 2 1 0
1.656 0.5 0.5 2 1 0
1.655 0.5 0.5 2 1 0
1.654 0.5 0.5 2 1 0
1.653 0.5 0.5 2 1 0
1.652 0.5 0.5 2 1 0
1.651 0.5 0.5 2 1 0
1.65 0.5 0.5 2 1 0
1.649 0.5 0.5 2 1 0
1.648 0.5 0.5 2 1 0
1.647 0.5 0.5 2 1 0
1.646 0.5 0.5 2 1 0
1.645 0.5 0.5 2 1 0
1.644 0.5 0.5 2 1 0
1.643 0.5 0.5 2 1 0
1.642 0.5 0.5 2 1 0
1.641 0.5 0.5 2 1 0
1.64 0.5 0.5 2 1 0
1.639 0.5 0.5 2 1 0
1.638 0.5 0.5 2 1 0
1.637 0.5 0.5 2 1 0
1.636 0.5 0.5 2 1 0
1.635 0.5 0.5 2 1 0
1.634 0.5 0.5 2 1 0
1.633 0.5 0.5 2 1 0
1.632 0.5 0.5 2 1 0
1.631 0.5 0.5 2 1 0
1.63 0.5 0.5 2 1 0
1.629 0.5 0.5 2 1 0
1.628 0.5 0.5 2 1 0
1.627 0.5 0.5 2 1 0
1.626 0.5 0.5 2 1 0
1.625 0.5 0.5 2 1 0
1.624 0.5 0.5 2 1 0
1.623 0.5 0.5 2 1 0
1.622 0.5 0.5 2 1 0
1.621 0.5 0.5 2 1 0
1.62 0.5 0.5 2 1 0
1.619 0.5 0.5 2 1 0
1.618 0.5 0.5 2 1 0
1.617 0.5 0.5 2 1 0
1.616 0.5 0.5 2 1 0
1.615 0.5 0.5 2 1 0
1.614 0.5 0.5 2 1 0
1.613 0.5 0.5 2 1 0
1.612 0.5 0.5 2 1 0
1.611 0.5 0.5 2 1 0
1.61 0.5 0.5 2 1 0
1.609 0.5 0.5 2 1 0
1.608 0.5 0.5 2 1 0
1.607 0.5 0.5 2 1 0
1.606 0.5 0.5 2 1 0
1.605 0.5 0.5 2 1 0
1.604 0.5 0.5 2 1 0
1.603 0.5 0.5 2 1 0
1.602 0.5 0.5 2 1 0
1.601 0.5 0.5 2 1 0
1.6 0.5 0.5 2 1 0
1.6 0.5 0.5 2 1 0
1.598 0.5 0.5 2 1 0
1.597 0.5 0.5 2 1 0
1.596 0.5 0.5 2 1 0
1.595 0.5 0.5 2 1 0
1.594 0.5 0.5 2 1 0
1.593 0.5 0.5 2 1 0
1.592 0.5 0.5 2 1 0
1.591 0.5 0.5 2 1 0
1.59 0.5 0.5 2 1 0
1.589 0.5 0.5 2 1 0
1.588 0.5 0.5 2 1 0
1.587 0.5 0.5 2 1 0
1.586 0.5 0.5 2 1 0
1.585 0.5 0.5 2 1 0
1.584 0.5 0.5 2 1 0
1.583 0.5 0.5 2 1 0
1.582 0.5 0.5 2 1 0
1.581 0.5 0.5 2 1 0
1.58 0.5 0.5 2 1 0
1.579 0.5 0.5 2 1 0
1.578 0.5 0.5 2 1 0
1.577 0.5 0.5 2 1 0
1.576 0.5 0.5 2 1 0
1.575 0.5 0.5 2 1 0
1.574 0.5 0.5 2 1 0
1.573 0.5 0.5 2 1 0
1.572 0.5 0.5 2 1 0
1.571 0.5 0.5 2 1 0
1.57 0.5 0.5 2 1 0
1.569 0.5 0.5 2 1 0
1.568 0.5 0.5 2 1 0
1.567 0.5 0.5 2 1 0
1.566 0.5 0.5 2 1 0
1.565 0.5 0.5 2 1 0
1.564 0.5 0.5 2 1 0
1.563 0.5 0.5 2 1 0
1.562 0.5 0.5 2 1 0
1.561 0.5 0.5 2 1 0
1.56 0.5 0.5 2 1 0
1.559 0.5 0.5 2 1 0
1.558 0.5 0.5 2 1 0
1.557 0.5 0.5 2 1 0
1.556 0.5 0.5 2 1 0
1.555 0.5 0.5 2 1 0
1.554 0.5 0.5 2 1 0
1.553 0.5 0.5 2 1 0
1.552 0.5 0.5 2 1 0
1.551 0.5 0.5 2 1 0
1.55 0.5 0.5 2 1 0
1.549 0.5 0.5 2 1 0
1.548 0.5 0.5 2 1 0
1.547 0.5 0.5 2 1 0
1.546 0.5 0.5 2 1 0
1.545 0.5 0.5 2 1 0
1.544 0.5 0.5 2 1 0
1.543 0.5 0.5 2 1 0
1.542 0.5 0.5 2 1 0
1.541 0.5 0.5 2 1 0
1.54 0.5 0.5 2 1 0
1.539 0.5 0.5 2 1 0
1.538 0.5 0.5 2 1 0
1.537 0.5 0.5 2 1 0
1.536 0.5 0.5 2 1 0
1.535 0.5 0.5 2 1 0
1.534 0.5 0.5 2 1 0
1.533 0.5 0.5 2 1 0
1.532 0.5 0.5 2 1 0
1.531 0.5 0.5 2 1 0
1.53 0.5 0.5 2 1 0
1.529 0.5 0.5 2 1 0
1.528 0.5 0.5 2 1 0
1.527 0.5 0.5 2 1 0
1.526 0.5 0.5 2 1 0
1.525 0.5 0.5 2 1 0
1.524 0.5 0.5 2 1 0
1.523 0.5 0.5 2 1 0
1.522 0.5 0.5 2 1 0
1.521 0.5 0.5 2 1 0
1.52 0.5 0.5 2 1 0
1.519 0.5 0.5 2 1 0
1.518 0.5 0.5 2 1 0
1.517 0.5 0.5 2 1 0
1.516 0.5 0.5 2 1 0
1.515 0.5 0.5 2 1 0
1.514 0.5 0.5 2 1 0
1.513 0.5 0.5 2 1 0
1.512 0.5 0.5 2 1 0
1.511 0.5 0.5 2 1 0
1.51 0.5 0.5 2 1 0
1.509 0.5 0.5 2 1 0
1.508 0.5 0.5 2 1 0
1.507 0.5 0.5 2 1 0
1.506 0.5 0.5 2 1 0
1.505 0.5 0.5 2 1 0
1.504 0.5 0.5 2 1 0
1.503 0.5 0.5 2 1 0
1.502 0.5 0.5 2 1 0
1.501 0.5 0.5 2 1 0
1.5 0.5 0.5 2 1 0
1.499 0.5 0.5 2 1 0
1.498 0.5 0.5 2 1 0
1.497 0.5 0.5 2 1 0
1.496 0.5 0.5 2 1 0
1.495 0.5 0.5 2 1 0
1.494 0.5 0.5 2 1 0
1.493 0.5 0.5 2 1 0
1.492 0.5 0.5 2 1 0
1.491 0.5 0.5 2 1 0
1.49 0.5 0.5 2 1 0
1.489 0.5 0.5 2 1 0
1.488 0.5 0.5 2 1 0
1.487 0.5 0.5 2 1 0
1.486 0.5 0.5 2 1 0
1.485 0.5 0.5 2 1 0
1.484 0.5 0.5 2 1 0
1.483 0.5 0.5 2 1 0
1.482 0.5 0.5 2 1 0
1.481 0.5 0.5 2 1 0
1.48 0.5 0.5 2 1 0
1.479 0.5 0.5 2 1 0
1.478 0.5 0.5 2 1 0
1.477 0.5 0.5 2 1 0
1.476 0.5 0.5 2 1 0
1.475 0.5 0.5 2 1 0
1.474 0.5 0.5 2 1 0
1.473 0.5 0.5 2 1 0
1.472 0.5 0.5 2 1 0
1.471 0.5 0.5 2 1 0
1.47 0.5 0.5 2 1 0
1.469 0.5 0.5 2 1 0
1.468 0.5 0.5 2 1 0
1.467 0.5 0.5 2 1 0
1.466 0.5 0.5 2 1 0
1.465 0.5 0.5 2 1 0
1.464 0.5 0.5 2 1 0
1.463 0.5 0.5 2 1 0
1.462 0.5 0.5 2 1 0
1.461 0.5 0.5 2 1 0
1.46 0.5 0.5 2 1 0
1.459 0.5 0.5 2 1 0
1.458 0.5 0.5 2 1 0
1.457 0.5 0.5 2 1 0
1.456 0.5 0.5 2 1 0
1.455 0.5 0.5 2 1 0
1.454 0.5 0.5 2 1 0
1.453 0.5 0.5 2 1 0
1.452 0.5 0.5 2 1 0
1.451 0.5 0.5 2 1 0
1.45 0.5 0.5 2 1 0
1.449 0.5 0.5 2 1 0
1.448 0.5 0.5 2 1 0
1.447 0.5 0.5 2 1 0
1.446 0.5 0.5 2 1 0
1.445 0.5 0.5 2 1 0
1.444 0.5 0.5 2 1 0
1.443 0.5 0.5 2 1 0
1.442 0.5 0.5 2 1 0
1.441 0.5 0.5 2 1 0
1.44 0.5 0.5 2 1 0
1.439 0.5 0.5 2 1 0
1.438 0.5 0.5 2 1 0
1.437 0.5 0.5 2 1 0
1.436 0.5 0.5 2 1 0
1.435 0.5 0.5 2 1 0
1.434 0.5 0.5 2 1 0
1.433 0.5 0.5 2 1 0
1.432 0.5 0.5 2 1 0
1.431 0.5 0.5 2 1 0
1.43 0.5 0.5 2 1 0
1.429 0.5 0.5 2 1 0
1.428 0.5 0.5 2 1 0
1.427 0.5 0.5 2 1 0
1.426 0.5 0.5 2 1 0
1.425 0.5 0.5 2 1 0
1.424 0.5 0.5 2 1 0
1.423 0.5 0.5 2 1 0
1.422 0.5 0.5 2 1 0
1.421 0.5 0.5 2 1 0
1.42 0.5 0.5 2 1 0
1.419 0.5 0.5 2 1 0
1.418 0.5 0.5 2 1 0
1.417 0.5 0.5 2 1 0
1.416 0.5 0.5 2 1 0
1.415 0.5 0.5 2 1 0
1.414 0.5 0.5 2 1 0
1.413 0.5 0.5 2 1 0
1.412 0.5 0.5 2 1 0
1.411 0.5 0.5 2 1 0
1.41 0.5 0.5 2 1 0
1.409 0.5 0.5 2 1 0
1.408 0.5 0.5 2 1 0
1.407 0.5 0.5 2 1 0
1.406 0.5 0.5 2 1 0
1.405 0.5 0.5 2 1 0
1.404 0.5 0.5 2 1 0
1.403 0.5 0.5 2 1 0
1.402 0.5 0.5 2 1 0
1.401 0.5 0.5 2 1 0
1.4 0.5 0.5 2 1 0
1.4 0.5 0.5 2 1 0
1.398 0.5 0.5 2 1 0
1.397 0.5 0.5 2 1 0
1.396 0.5 0.5 2 1 0
1.395 0.5 0.5 2 1 0
1.394 0.5 0.5 2 1 0
1.393 0.5 0.5 2 1 0
1.392 0.5 0.5 2 1 0
1.391 0.5 0.5 2 1 0
1.39 0.5 0.5 2 1 0
1.389 0.5 0.5 2 1 0
1.388 0.5 0.5 2 1 0
1.387 0.5 0.5 2 1 0
1.386 0.5 0.5 2 1 0
1.385 0.5 0.5 2 1 0
1.384 0.5 0.5 2 1 0
1.383 0.5 0.5 2 1 0
1.382 0.5 0.5 2 1 0
1.381 0.5 0.5 2 1 0
1.38 0.5 0.5 2 1 0
1.379 0.5 0.5 2 1 0
1.378 0.5 0.5 2 1 0
1.377 0.5 0.5 2 1 0
1.376 0.5 0.5 2 1 0
1.375 0.5 0.5 2 1 0
1.374 0.5 0.5 2 1 0
1.373 0.5 0.5 2 1 0
1.372 0.5 0.5 2 1 0
1.371 0.5 0.5 2 1 0
1.37 0.5 0.5 2 1 0
1.369 0.5 0.5 2 1 0
1.368 0.5 0.5 2 1 0
1.367 0.5 0.5 2 1 0
1.366 0.5 0.5 2 1 0
1.365 0.5 0.5 2 1 0
1.364 0.5 0.5 2 1 0
1.363 0.5 0.5 2 1 0
1.362 0.5 0.5 2 1 0
1.361 0.5 0.5 2 1 0
1.36 0.5 0.5 2 1 0
1.359 0.5 0.5 2 1 0
1.358 0.5 0.5 2 1 0
1.357 0.5 0.5 2 1 0
1.356 0.5 0.5 2 1 0
1.355 0.5 0.5 2 1 0
1.354 0.5 0.5 2 1 0
1.353 0.5 0.5 2 1 0
1.352 0.5 0.5 2 1 0
1.351 0.5 0.5 2 1 0
1.35 0.5 0.5 2 1 0
1.349 0.5 0.5 2 1 0
1.348 0.5 0.5 2 1 0
1.347 0.5 0.5 2 1 0
1.346 0.5 0.5 2 1 0
1.345 0.5 0.5 2 1 0
1.344 0.5 0.5 2 1 0
1.343 0.5 0.5 2 1 0
1.342 0.5 0.5 2 1 0
1.341 0.5 0.5 2 1 0
1.34 0.5 0.5 2 1 0
1.339 0.5 0.5 2 1 0
1.338 0.5 0.5 2 1 0
1.337 0.5 0.5 2 1 0
1.336 0.5 0.5 2 1 0
1.335 0.5 0.5 2 1 0
1.334 0.5 0.5 2 1 0
1.333 0.5 0.5 2 1 0
1.332 0.5 0.5 2 1 0
1.331 0.5 0.5 2 1 0
1.33 0.5 0.5 2 1 0
1.329 0.5 0.5 2 1 0
1.328 0.5 0.5 2 1 0
1.327 0.5 0.5 2 1 0
1.326 0.5 0.5 2 1 0
1.325 0.5 0.5 2 1 0
1.324 0.5 0.5 2 1 0
1.323 0.5 0.5 2 1 0
1.322 0.5 0.5 2 1 0
1.321 0.5 0.5 2 1 0
1.32 0.5 0.5 2 1 0
1.319 0.5 0.5 2 1 0
1.318 0.5 0.5 2 1 0
1.317 0.5 0.5 2 1 0
1.316 0.5 0.5 2 1 0
1.315 0.5 0.5 2 1 0
1.314 0.5 0.5 2 1 0
1.313 0.5 0.5 2 1 0
1.312 0.5 0.5 2 1 0
1.311 0.5 0.5 2 1 0
1.31 0.5 0.5 2 1 0
1.309 0.5 0.5 2 1 0
1.308 0.5 0.5 2 1 0
1.307 0.5 0.5 2 1 0
1.306 0.5 0.5 2 1 0
1.305 0.5 0.5 2 1 0
1.304 0.5 0.5 2 1 0
1.303 0.5 0.5 2 1 0
1.302 0.5 0.5 2 1 0
1.301 0.5 0.5 2 1 0
1.3 0.5 0.5 2 1 0
1.299 0.5 0.5 2 1 0
1.298 0.5 0.5 2 1 0
1.297 0.5 0.5 2 1 0
1.296 0.5 0.5 2 1 0
1.295 0.5 0.5 2 1 0
1.294 0.5 0.5 2 1 0
1.293 0.5 0.5 2 1 0
1.292 0.5 0.5 2 1 0
1.291 0.5 0.5 2 1 0
1.29 0.5 0.5 2 1 0
1.289 0.5 0.5 2 1 0
1.288 0.5 0.5 2 1 0
1.287 0.5 0.5 2 1 0
1.286 0.5 0.5 2 1 0
1.285 0.5 0.5 2 1 0
1.284 0.5 0.5 2 1 0
1.283 0.5 0.5 2 1 0
1.282 0.5 0.5 2 1 0
1.281 0.5 0.5 2 1 0
1.28 0.5 0.5 2 1 0
1.279 0.5 0.5 2 1 0
1.278 0.5 0.5 2 1 0
1.277 0.5 0.5 2 1 0
1.276 0.5 0.5 2 1 0
1.275 0.5 0.5 2 1 0
1.274 0.5 0.5 2 1 0
1.273 0.5 0.5 2 1 0
1.272 0.5 0.5 2 1 0
1.271 0.5 0.5 2 1 0
1.27 0.5 0.5 2 1 0
1.269 0.5 0.5 2 1 0
1.268 0.5 0.5 2 1 0
1.267 0.5 0.5 2 1 0
1.266 0.5 0.5 2 1 0
1.265 0.5 0.5 2 1 0
1.264 0.5 0.5 2 1 0
1.263 0.5 0.5 2 1 0
1.262 0.5 0.5 2 1 0
1.261 0.5 0.5 2 1 0
1.26 0.5 0.5 2 1 0
1.25922 0.5 0.5 2 1 0
1.25822 0.5 0.5 1 1 0
1.25722 0.5 0.5 1 1 0
1.25622 0.5 0.5 1 1 0
1.25522 0.5 0.5 1 1 0
1.25422 0.5 0.5 1 1 0
1.25322 0.5 0.5 1 1 0
1.25222 0.5 0.5 1 1 0
1.25122 0.5 0.5 1 1 0
1.25022 0.5 0.5 1 1 0
1.24922 0.5 0.5 1 1 0
1.24822 0.5 0.5 1 1 0
1.24722 0.5 0.5 1 1 0
1.24622 0.5 0.5 1 1 0
1.24522 0.5 0.5 1 1 0
1.24422 0.5 0.5 1 1 0
1.24322 0.5 0.5 1 1 0
1.24222 0.5 0.5 1 1 0
1.24122 0.5 0.5 1 1 0
1.24022 0.5 0.5 1 1 0
1.23922 0.5 0.5 1 1 0
1.23822 0.5 0.5 1 1 0
1.23722 0.5 0.5 1 1 0
1.23622 0.5 0.5 1 1 0
1.23522 0.5 0.5 1 1 0
1.23422 0.5 0.5 1 1 0
1.23322 0.5 0.5 1 1 0
1.23222 0.5 0.5 1 1 0
1.23122 0.5 0.5 1 1 0
1.23022 0.5 0.5 1 1 0
1.22922 0.5 0.5 1 1 0
1.22822 0.5 0.5 1 1 0
1.22722 0.5 0.5 1 1 0
1.22622 0.5 0.5 1 1 0
1.22522 0.5 0.5 1 1 0
1.22422 0.5 0.5 1 1 0
1.22322 0.5 0.5 1 1 0
1.22222 0.5 0.5 1 1 0
1.22122 0.5 0.5 1 1 0
1.22022 0.5 0.5 1 1 0
1.21922 0.5 0.5 1 1 0
1.21822 0.5 0.5 1 1 0
1.21722 0.5 0.5 1 1 0
1.21622 0.5 0.5 1 1 0
1.21522 0.5 0.5 1 1 0
1.21422 0.5 0.5 1 1 0
1.21322 0.5 0.5 1 1 0
1.21222 0.5 0.5 1 1 0
1.21122 0.5 0.5 1 1 0
1.21022 0.5 0.5 1 1 0
1.20922 0.5 0.5 1 1 0
1.20822 0.5 0.5 1 1 0
1.20722 0.5 0.5 1 1 0
1.20622 0.5 0.5 1 1 0
1.20522 0.5 0.5 1 1 0
1.20422 0.5 0.5 1 1 0
1.20322 0.5 0.5 1 1 0
1.20222 0.5 0.5 1 1 0
1.20122 0.5 0.5 1 1 0
1.20022 0.5 0.5 1 1 0
1.19822 0.5 0.5 1 1 0
1.19722 0.5 0.5 1 1 0
1.19622 0.5 0.5 1 1 0
1.19522 0.5 0.5 1 1 0
1.19422 0.5 0.5 1 1 0
1.19322 0.5 0.5 1 1 0
1.19222 0.5 0.5 1 1 0
1.19122 0.5 0.5 1 1 0
1.19022 0.5 0.5 1 1 0
1.18922 0.5 0.5 1 1 0
1.18822 0.5 0.5 1 1 0
1.18722 0.5 0.5 1 1 0
1.18622 0.5 0.5 1 1 0
1.18522 0.5 0.5 1 1 0
1.18422 0.5 0.5 1 1 0
1.18322 0.5 0.5 1 1 0
1.18222 0.5 0.5 1 1 0
1.18122 0.5 0.5 1 1 0
1.18022 0.5 0.5 1 1 0
1.17922 0.5 0.5 1 1 0
1.17822 0.5 0.5 1 1 0
1.17722 0.5 0.5 1 1 0
1.17622 0.5 0.5 1 1 0
1.17522 0.5 0.5 1 1 0
1.17422 0.5 0.5 1 1 0
1.17322 0.5 0.5 1 1 0
1.17222 0.5 0.5 1 1 0
1.17122 0.5 0.5 1 1 0
1.17022 0.5 0.5 1 1 0
1.16922 0.5 0.5 1 1 0
1.16822 0.5 0.5 1 1 0
1.16722 0.5 0.5 1 1 0
1.16622 0.5 0.5 1 1 0
1.16522 0.5 0.5 1 1 0
1.16422 0.5 0.5 1 1 0
1.16322 0.5 0.5 1 1 0
1.16222 0.5 0.5 1 1 0
1.16122 0.5 0.5 1 1 0
1.16022 0.5 0.5 1 1 0
1.15922 0.5 0.5 1 1 0
1.15822 0.5 0.5 1 1 0
1.15722 0.5 0.5 1 1 0
1.15622 0.5 0.5 1 1 0
1.15522 0.5 0.5 1 1 0
1.15422 0.5 0.5 1 1 0
1.15322 0.5 0.5 1 1 0
1.15222 0.5 0.5 1 1 0
1.15122 0.5 0.5 1 1 0
1.15022 0.5 0.5 1 1 0
1.14922 0.5 0.5 1 1 0
1.14822 0.5 0.5 1 1 0
1.14722 0.5 0.5 1 1 0
1.14622 0.5 0.5 1 1 0
1.14522 0.5 0.5 1 1 0
1.14422 0.5 0.5 1 1 0
1.14322 0.5 0.5 1 1 0
1.14222 0.5 0.5 1 1 0
1.14122 0.5 0.5 1 1 0
1.14022 0.5 0.5 1 1 0
1.13922 0.5 0.5 1 1 0
1.13822 0.5 0.5 1 1 0
1.13722 0.5 0.5 1 1 0
1.13622 0.5 0.5 1 1 0
1.13522 0.5 0.5 1 1 0
1.13422 0.5 0.5 1 1 0
1.13322 0.5 0.5 1 1 0
1.13222 0.5 0.5 1 1 0
1.13122 0.5 0.5 1 1 0
1.13022 0.5 0.5 1 1 0
1.12922 0.5 0.5 1 1 0
1.12822 0.5 0.5 1 1 0
1.12722 0.5 0.5 1 1 0
1.12622 0.5 0.5 1 1 0
1.12522 0.5 0.5 1 1 0
1.12422 0.5 0.5 1 1 0
1.12322 0.5 0.5 1 1 0
1.12222 0.5 0.5 1 1 0
1.12122 0.5 0.5 1 1 0
1.12022 0.5 0.5 1 1 0
1.11922 0.5 0.5 1 1 0
1.11822 0.5 0.5 1 1 0
1.11722 0.5 0.5 1 1 0
1.11622 0.5 0.5 1 1 0
1.11522 0.5 0.5 1 1 0
1.11422 0.5 0.5 1 1 0
1.11322 0.5 0.5 1 1 0
1.11222 0.5 0.5 1 1 0
1.11122 0.5 0.5 1 1 0
1.11022 0.5 0.5 1 1 0
1.10922 0.5 0.5 1 1 0
1.10822 0.5 0.5 1 1 0
1.10722 0.5 0.5 1 1 0
1.10622 0.5 0.5 1 1 0
1.10522 0.5 0.5 1 1 0
1.10422 0.5 0.5 1 1 0
1.10322 0.5 0.5 1 1 0
1.10222 0.5 0.5 1 1 0
1.10122 0.5 0.5 1 1 0
1.10022 0.5 0.5 1 1 0
1.09922 0.5 0.5 1 1 0
1.09822 0.5 0.5 1 1 0
1.09722 0.5 0.5 1 1 0
1.09622 0.5 0.5 1 1 0
1.09522 0.5 0.5 1 1 0
1.09422 0.5 0.5 1 1 0
1.09322 0.5 0.5 1 1 0
1.09222 0.5 0.5 1 1 0
1.09122 0.5 0.5 1 1 0
1.09022 0.5 0.5 1 1 0
1.08922 0.5 0.5 1 1 0
1.08822 0.5 0.5 1 1 0
1.08722 0.5 0.5 1 1 0
1.08622 0.5 0.5 1 1 0
1.08522 0.5 0.5 1 1 0
1.08422 0.5 0.5 1 1 0
1.08322 0.5 0.5 1 1 0
1.08222 0.5 0.5 1 1 0
1.08122 0.5 0.5 1 1 0
1.08022 0.5 0.5 1 1 0
1.07922 0.5 0.5 1 1 0
1.07822 0.5 0.5 1 1 0
1.07722 0.5 0.5 1 1 0
1.07622 0.5 0.5 1 1 0
1.07522 0.5 0.5 1 1 0
1.07422 0.5 0.5 1 1 0
1.07322 0.5 0.5 1 1 0
1.07222 0.5 0.5 1 1 0
1.07122 0.5 0.5 1 1 0
1.07022 0.5 0.5 1 1 0
1.06922 0.5 0.5 1 1 0
1.06822 0.5 0.5 1 1 0
1.06722 0.5 0.5 1 1 0
1.06622 0.5 0.5 1 1 0
1.06522 0.5 0.5 1 1 0
1.06422 0.5 0.5 1 1 0
1.06322 0.5 0.5 1 1 0
1.06222 0.5 0.5 1 1 0
1.06122 0.5 0.5 1 1 0
1.06022 0.5 0.5 1 1 0
1.05922 0.5 0.5 1 1 0
1.05822 0.5 0.5 1 1 0
1.05722 0.5 0.5 1 1 0
1.05622 0.5 0.5 1 1 0
1.05522 0.5 0.5 1 1 0
1.05422 0.5 0.5 1 1 0
1.05322 0.5 0.5 1 1 0
1.05222 0.5 0.5 1 1 0
1.05122 0.5 0.5 1 1 0
1.05022 0.5 0.5 1 1 0
1.04922 0.5 0.5 1 1 0
1.04822 0.5 0.5 1 1 0
1.04722 0.5 0.5 1 1 0
1.04622 0.5 0.5 1 1 0
1.04522 0.5 0.5 1 1 0
1.04422 0.5 0.5 1 1 0
1.04322 0.5 0.5 1 1 0
1.04222 0.5 0.5 1 1 0
1.04122 0.5 0.5 1 1 0
1.04022 0.5 0.5 1 1 0
1.03922 0.5 0.5 1 1 0
1.03822 0.5 0.5 1 1 0
1.03722 0.5 0.5 1 1 0
1.03622 0.5 0.5 1 1 0
1.03522 0.5 0.5 1 1 0
1.03422 0.5 0.5 1 1 0
1.03322 0.5 0.5 1 1 0
1.03222 0.5 0.5 1 1 0
1.03122 0.5 0.5 1 1 0
1.03022 0.5 0.5 1 1 0
1.02922 0.5 0.5 1 1 0
1.02822 0.5 0.5 1 1 0
1.02722 0.5 0.5 1 1 0
1.02622 0.5 0.5 1 1 0
1.02522 0.5 0.5 1 1 0
1.02422 0.5 0.5 1 1 0
1.02322 0.5 0.5 1 1 0
1.02222 0.5 0.5 1 1 0
1.02122 0.5 0.5 1 1 0
1.02022 0.5 0.5 1 1 0
1.01922 0.5 0.5 1 1 0
1.01822 0.5 0.5 1 1 0
1.01722 0.5 0.5 1 1 0
1.01622 0.5 0.5 1 1 0
1.01522 0.5 0.5 1 1 0
1.01422 0.5 0.5 1 1 0
1.01322 0.5 0.5 1 1 0
1.01222 0.5 0.5 1 1 0
1.01122 0.5 0.5 1 1 0
1.01022 0.5 0.5 1 1 0
1.00922 0.5 0.5 1 1 0
1.00822 0.5 0.5 1 1 0
1.00722 0.5 0.5 1 1 0
1.00622 0.5 0.5 1 1 0
1.00522 0.5 0.5 1 1 0
1.00422 0.5 0.5 1 1 0
1.00322 0.5 0.5 1 1 0
1.00222 0.5 0.5 1 1 0
1.00122 0.5 0.5 1 1 0
1.00022 0.5 0.5 1 1 0
1.25922 0.5 0.5 2 2 0
1.25922 0.499 0.499 2 2 0
1.25922 0.498 0.498 2 2 0
1.25921 0.497 0.497 2 2 0
1.2592 0.496 0.496 2 2 0
1.25919 0.495 0.495 2 2 0
1.25918 0.494 0.494 2 2 0
1.25917 0.493 0.493 2 2 0
1.25915 0.492 0.492 2 2 0
1.25913 0.491001 0.491001 2 2 0
1.25911 0.490001 0.490001 2 2 0
1.25909 0.489001 0.489001 2 2 0
1.25906 0.488001 0.488001 2 2 0
1.25903 0.487002 0.487002 2 2 0
1.259 0.486002 0.486002 2 2 0
1.25897 0.485003 0.485003 2 2 0
1.25894 0.484003 0.484003 2 2 0
1.2589 0.483004 0.483004 2 2 0
1.25886 0.482005 0.482005 2 2 0
1.25882 0.481006 0.481006 2 2 0
1.25877 0.480007 0.480007 2 2 0
1.25873 0.479008 0.479008 2 2 0
1.25868 0.478009 0.478009 2 2 0
1.25863 0.47701 0.47701 2 2 0
1.25858 0.476011 0.476011 2 2 0
1.25852 0.475013 0.475013 2 2 0
1.25847 0.474015 0.474015 2 2 0
1.25841 0.473016 0.473016 2 2 0
1.25835 0.472018 0.472018 2 2 0
1.25828 0.47102 0.47102 2 2 0
1.25822 0.470022 0.470022 2 2 0
1.25815 0.469025 0.469025 2 2 0
1.25808 0.468027 0.468027 2 2 0
1.25801 0.46703 0.46703 2 2 0
1.25793 0.466033 0.466033 2 2 0
1.25785 0.465036 0.465036 2 2 0
1.25778 0.464039 0.464039 2 2 0
1.25769 0.463042 0.463042 2 2 0
1.25761 0.462045 0.462045 2 2 0
1.25752 0.461049 0.461049 2 2 0
1.25744 0.460053 0.460053 2 2 0
1.25735 0.459057 0.459057 2 2 0
1.25725 0.458061 0.458061 2 2 0
1.25716 0.457066 0.457066 2 2 0
1.25706 0.456071 0.456071 2 2 0
1.25696 0.455075 0.455075 2 2 0
1.25686 0.454081 0.454081 2 2 0
1.25676 0.453086 0.453086 2 2 0
1.25665 0.452092 0.452092 2 2 0
1.25655 0.451097 0.451097 2 2 0
1.25644 0.450103 0.450103 2 2 0
1.25632 0.44911 0.44911 2 2 0
1.25621 0.448116 0.448116 2 2 0
1.25609 0.447123 0.447123 2 2 0
1.25597 0.44613 0.44613 2 2 0
1.25585 0.445138 0.445138 2 2 0
1.25573 0.444145 0.444145 2 2 0
1.2556 0.443153 0.443153 2 2 0
1.25548 0.442161 0.442161 2 2 0
1.25535 0.44117 0.44117 2 2 0
1.25521 0.440178 0.440178 2 2 0
1.25508 0.439188 0.439188 2 2 0
1.25494 0.438197 0.438197 2 2 0
1.2548 0.437207 0.437207 2 2 0
1.25466 0.436216 0.436216 2 2 0
1.25452 0.435227 0.435227 2 2 0
1.25438 0.434237 0.434237 2 2 0
1.25423 0.433248 0.433248 2 2 0
1.25408 0.432259 0.432259 2 2 0
1.25393 0.431271 0.431271 2 2 0
1.25377 0.430283 0.430283 2 2 0
1.25362 0.429295 0.429295 2 2 0
1.25346 0.428308 0.428308 2 2 0
1.2533 0.427321 0.427321 2 2 0
1.25314 0.426334 0.426334 2 2 0
1.25297 0.425348 0.425348 2 2 0
1.25281 0.424362 0.424362 2 2 0
1.25264 0.423376 0.423376 2 2 0
1.25247 0.422391 0.422391 2 2 0
1.25229 0.421406 0.421406 2 2 0
1.25212 0.420421 0.420421 2 2 0
1.25194 0.419437 0.419437 2 2 0
1.25176 0.418453 0.418453 2 2 0
1.25158 0.41747 0.41747 2 2 0
1.25139 0.416487 0.416487 2 2 0
1.25121 0.415505 0.415505 2 2 0
1.25102 0.414523 0.414523 2 2 0
1.25083 0.413541 0.413541 2 2 0
1.25064 0.41256 0.41256 2 2 0
1.25044 0.411579 0.411579 2 2 0
1.25024 0.410598 0.410598 2 2 0
1.25005 0.409618 0.409618 2 2 0
1.24985 0.408639 0.408639 2 2 0
1.24964 0.407659 0.407659 2 2 0
1.24944 0.406681 0.406681 2 2 0
1.24923 0.405703 0.405703 2 2 0
1.24902 0.404725 0.404725 2 2 0
1.24881 0.403747 0.403747 2 2 0
1.24859 0.40277 0.40277 2 2 0
1.24838 0.401794 0.401794 2 2 0
1.24816 0.400818 0.400818 2 2 0
1.24794 0.399843 0.399843 2 2 0
1.24772 0.398868 0.398868 2 2 0
1.24749 0.397893 0.397893 2 2 0
1.24727 0.396919 0.396919 2 2 0
1.24704 0.395945 0.395945 2 2 0
1.24681 0.394972 0.394972 2 2 0
1.24658 0.394 0.394 2 2 0
1.24634 0.393028 0.393028 2 2 0
1.2461 0.392056 0.392056 2 2 0
1.24587 0.391085 0.391085 2 2 0
1.24562 0.390115 0.390115 2 2 0
1.24538 0.389145 0.389145 2 2 0
1.24514 0.388175 0.388175 2 2 0
1.24489 0.387206 0.387206 2 2 0
1.24464 0.386238 0.386238 2 2 0
1.24439 0.38527 0.38527 2 2 0
1.24413 0.384302 0.384302 2 2 0
1.24388 0.383336 0.383336 2 2 0
1.24362 0.382369 0.382369 2 2 0
1.24336 0.381404 0.381404 2 2 0
1.2431 0.380438 0.380438 2 2 0
1.24284 0.379474 0.379474 2 2 0
1.24257 0.37851 0.37851 2 2 0
1.2423 0.377546 0.377546 2 2 0
1.24203 0.376583 0.376583 2 2 0
1.24176 0.375621 0.375621 2 2 0
1.24149 0.374659 0.374659 2 2 0
1.24121 0.373698 0.373698 2 2 0
1.24093 0.372737 0.372737 2 2 0
1.24065 0.371777 0.371777 2 2 0
1.24037 0.370818 0.370818 2 2 0
1.24009 0.369859 0.369859 2 2 0
1.2398 0.368901 0.368901 2 2 0
1.23951 0.367943 0.367943 2 2 0
1.23922 0.366986 0.366986 2 2 0
1.23893 0.36603 0.36603 2 2 0
1.23864 0.365074 0.365074 2 2 0
1.23834 0.364119 0.364119 2 2 0
1.23804 0.363164 0.363164 2 2 0
1.23774 0.36221 0.36221 2 2 0
1.23744 0.361257 0.361257 2 2 0
1.23714 0.360304 0.360304 2 2 0
1.23683 0.359352 0.359352 2 2 0
1.23652 0.358401 0.358401 2 2 0
1.23621 0.35745 0.35745 2 2 0
1.2359 0.3565 0.3565 2 2 0
1.23559 0.355551 0.355551 2 2 0
1.23527 0.354602 0.354602 2 2 0
1.23495 0.353654 0.353654 2 2 0
1.23464 0.352706 0.352706 2 2 0
1.23431 0.351759 0.351759 2 2 0
1.23399 0.350813 0.350813 2 2 0
1.23366 0.349868 0.349868 2 2 0
1.23334 0.348923 0.348923 2 2 0
1.23301 0.347979 0.347979 2 2 0
1.23268 0.347035 0.347035 2 2 0
1.23234 0.346092 0.346092 2 2 0
1.23201 0.34515 0.34515 2 2 0
1.23167 0.344209 0.344209 2 2 0
1.23133 0.343268 0.343268 2 2 0
1.23099 0.342328 0.342328 2 2 0
1.23065 0.341389 0.341389 2 2 0
1.2303 0.34045 0.34045 2 2 0
1.22995 0.339512 0.339512 2 2 0
1.22961 0.338575 0.338575 2 2 0
1.22925 0.337639 0.337639 2 2 0
1.2289 0.336703 0.336703 2 2 0
1.22855 0.335768 0.335768 2 2 0
1.22819 0.334833 0.334833 2 2 0
1.22783 0.3339 0.3339 2 2 0
1.22747 0.332967 0.332967 2 2 0
1.22711 0.332035 0.332035 2 2 0
1.22675 0.331103 0.331103 2 2 0
1.22638 0.330173 0.330173 2 2 0
1.22601 0.329243 0.329243 2 2 0
1.22564 0.328313 0.328313 2 2 0
1.22527 0.327385 0.327385 2 2 0
1.2249 0.326457 0.326457 2 2 0
1.22452 0.32553 0.32553 2 2 0
1.22415 0.324604 0.324604 2 2 0
1.22377 0.323679 0.323679 2 2 0
1.22339 0.322754 0.322754 2 2 0
1.22301 0.32183 0.32183 2 2 0
1.22262 0.320907 0.320907 2 2 0
1.22223 0.319984 0.319984 2 2 0
1.22185 0.319063 0.319063 2 2 0
1.22146 0.318142 0.318142 2 2 0
1.22107 0.317222 0.317222 2 2 0
1.22067 0.316302 0.316302 2 2 0
1.22028 0.315384 0.315384 2 2 0
1.21988 0.314466 0.314466 2 2 0
1.21948 0.313549 0.313549 2 2 0
1.21908 0.312633 0.312633 2 2 0
1.21868 0.311718 0.311718 2 2 0
1.21827 0.310803 0.310803 2 2 0
1.21787 0.309889 0.309889 2 2 0
1.21746 0.308976 0.308976 2 2 0
1.21705 0.308064 0.308064 2 2 0
1.21664 0.307153 0.307153 2 2 0
1.21581 0.305332 0.305332 2 2 0
1.21539 0.304423 0.304423 2 2 0
1.21497 0.303515 0.303515 2 2 0
1.21455 0.302608 0.302608 2 2 0
1.21413 0.301701 0.301701 2 2 0
1.21371 0.300795 0.300795 2 2 0
1.21328 0.29989 0.29989 2 2 0
1.21285 0.298986 0.298986 2 2 0
1.21242 0.298083 0.298083 2 2 0
1.21199 0.297181 0.297181 2 2 0
1.21156 0.296279 0.296279 2 2 0
1.21113 0.295378 0.295378 2 2 0
1.21069 0.294479 0.294479 2 2 0
1.21025 0.293579 0.293579 2 2 0
1.20981 0.292681 0.292681 2 2 0
1.20937 0.291784 0.291784 2 2 0
1.20893 0.290887 0.290887 2 2 0
1.20848 0.289992 0.289992 2 2 0
1.20804 0.289097 0.289097 2 2 0
1.20759 0.288203 0.288203 2 2 0
1.20714 0.28731 0.28731 2 2 0
1.20669 0.286417 0.286417 2 2 0
1.20624 0.285526 0.285526 2 2 0
1.20578 0.284635 0.284635 2 2 0
1.20532 0.283745 0.283745 2 2 0
1.20487 0.282857 0.282857 2 2 0
1.20441 0.281969 0.281969 2 2 0
1.20395 0.281081 0.281081 2 2 0
1.20348 0.280195 0.280195 2 2 0
1.20302 0.27931 0.27931 2 2 0
1.20255 0.278425 0.278425 2 2 0
1.20208 0.277542 0.277542 2 2 0
1.20161 0.276659 0.276659 2 2 0
1.20114 0.275777 0.275777 2 2 0
1.20067 0.274896 0.274896 2 2 0
1.20019 0.274016 0.274016 2 2 0
1.19972 0.273137 0.273137 2 2 0
1.19924 0.272258 0.272258 2 2 0
1.19876 0.271381 0.271381 2 2 0
1.19828 0.270504 0.270504 2 2 0
1.1978 0.269628 0.269628 2 2 0
1.19731 0.268754 0.268754 2 2 0
1.19682 0.26788 0.26788 2 2 0
1.19634 0.267007 0.267007 2 2 0
1.19585 0.266134 0.266134 2 2 0
1.19536 0.265263 0.265263 2 2 0
1.19486 0.264393 0.264393 2 2 0
1.19437 0.263523 0.263523 2 2 0
1.19388 0.262655 0.262655 2 2 0
1.19338 0.261787 0.261787 2 2 0
1.19288 0.26092 0.26092 2 2 0
1.19238 0.260055 0.260055 2 2 0
1.19188 0.25919 0.25919 2 2 0
1.19137 0.258326 0.258326 2 2 0
1.19087 0.257462 0.257462 2 2 0
1.19036 0.2566 0.2566 2 2 0
1.18985 0.255739 0.255739 2 2 0
1.18934 0.254879 0.254879 2 2 0
1.18883 0.254019 0.254019 2 2 0
1.18832 0.253161 0.253161 2 2 0
1.18781 0.252303 0.252303 2 2 0
1.18729 0.251446 0.251446 2 2 0
1.18677 0.25059 0.25059 2 2 0
1.18625 0.249735 0.249735 2 2 0
1.18573 0.248881 0.248881 2 2 0
1.18521 0.248028 0.248028 2 2 0
1.18469 0.247176 0.247176 2 2 0
1.18416 0.246325 0.246325 2 2 0
1.18364 0.245475 0.245475 2 2 0
1.18311 0.244625 0.244625 2 2 0
1.18258 0.243777 0.243777 2 2 0
1.18205 0.24293 0.24293 2 2 0
1.18152 0.242083 0.242083 2 2 0
1.18098 0.241237 0.241237 2 2 0
1.18045 0.240393 0.240393 2 2 0
1.17991 0.239549 0.239549 2 2 0
1.17937 0.238706 0.238706 2 2 0
1.17883 0.237864 0.237864 2 2 0
1.17829 0.237023 0.237023 2 2 0
1.17775 0.236183 0.236183 2 2 0
1.17721 0.235344 0.235344 2 2 0
1.17666 0.234506 0.234506 2 2 0
1.17611 0.233669 0.233669 2 2 0
1.17557 0.232832 0.232832 2 2 0
1.17502 0.231997 0.231997 2 2 0
1.17446 0.231163 0.231163 2 2 0
1.17391 0.230329 0.230329 2 2 0
1.17336 0.229497 0.229497 2 2 0
1.1728 0.228665 0.228665 2 2 0
1.17225 0.227834 0.227834 2 2 0
1.17169 0.227005 0.227005 2 2 0
1.17113 0.226176 0.226176 2 2 0
1.17057 0.225348 0.225348 2 2 0
1.17 0.224521 0.224521 2 2 0
1.16944 0.223695 0.223695 2 2 0
1.16888 0.22287 0.22287 2 2 0
1.16831 0.222046 0.222046 2 2 0
1.16774 0.221223 0.221223 2 2 0
1.16717 0.220401 0.220401 2 2 0
1.1666 0.21958 0.21958 2 2 0
1.16603 0.218759 0.218759 2 2 0
1.16546 0.21794 0.21794 2 2 0
1.16488 0.217122 0.217122 2 2 0
1.16431 0.216304 0.216304 2 2 0
1.16373 0.215488 0.215488 2 2 0
1.16315 0.214672 0.214672 2 2 0
1.16257 0.213858 0.213858 2 2 0
1.16199 0.213044 0.213044 2 2 0
1.16141 0.212231 0.212231 2 2 0
1.16082 0.21142 0.21142 2 2 0
1.16024 0.210609 0.210609 2 2 0
1.15965 0.209799 0.209799 2 2 0
1.15906 0.20899 0.20899 2 2 0
1.15847 0.208182 0.208182 2 2 0
1.15788 0.207375 0.207375 2 2 0
1.15729 0.206569 0.206569 2 2 0
1.1567 0.205764 0.205764 2 2 0
1.1561 0.20496 0.20496 2 2 0
1.15551 0.204157 0.204157 2 2 0
1.15491 0.203354 0.203354 2 2 0
1.15431 0.202553 0.202553 2 2 0
1.15371 0.201753 0.201753 2 2 0
1.15311 0.200953 0.200953 2 2 0
1.15251 0.200155 0.200155 2 2 0
1.15191 0.199357 0.199357 2 2 0
1.1513 0.19856 0.19856 2 2 0
1.1507 0.197765 0.197765 2 2 0
1.15009 0.19697 0.19697 2 2 0
1.14948 0.196176 0.196176 2 2 0
1.14887 0.195384 0.195384 2 2 0
1.14826 0.194592 0.194592 2 2 0
1.14765 0.193801 0.193801 2 2 0
1.14704 0.193011 0.193011 2 2 0
1.14642 0.192222 0.192222 2 2 0
1.14581 0.191434 0.191434 2 2 0
1.14519 0.190646 0.190646 2 2 0
1.14457 0.18986 0.18986 2 2 0
1.14395 0.189075 0.189075 2 2 0
1.14333 0.188291 0.188291 2 2 0
1.14271 0.187507 0.187507 2 2 0
1.14209 0.186725 0.186725 2 2 0
1.14146 0.185943 0.185943 2 2 0
1.14084 0.185163 0.185163 2 2 0
1.14021 0.184383 0.184383 2 2 0
1.13958 0.183604 0.183604 2 2 0
1.13896 0.182826 0.182826 2 2 0
1.13833 0.182049 0.182049 2 2 0
1.1377 0.181273 0.181273 2 2 0
1.13706 0.180498 0.180498 2 2 0
1.13643 0.179724 0.179724 2 2 0
1.1358 0.178951 0.178951 2 2 0
1.13516 0.178179 0.178179 2 2 0
1.13452 0.177408 0.177408 2 2 0
1.13389 0.176637 0.176637 2 2 0
1.13325 0.175868 0.175868 2 2 0
1.13261 0.175099 0.175099 2 2 0
1.13197 0.174332 0.174332 2 2 0
1.13133 0.173565 0.173565 2 2 0
1.13068 0.172799 0.172799 2 2 0
1.13004 0.172034 0.172034 2 2 0
1.12939 0.17127 0.17127 2 2 0
1.12875 0.170507 0.170507 2 2 0
1.1281 0.169745 0.169745 2 2 0
1.12745 0.168984 0.168984 2 2 0
1.1268 0.168223 0.168223 2 2 0
1.12615 0.167464 0.167464 2 2 0
1.1255 0.166705 0.166705 2 2 0
1.12485 0.165948 0.165948 2 2 0
1.12419 0.165191 0.165191 2 2 0
1.12354 0.164435 0.164435 2 2 0
1.12288 0.16368 0.16368 2 2 0
1.12223 0.162926 0.162926 2 2 0
1.12157 0.162173 0.162173 2 2 0
1.12091 0.161421 0.161421 2 2 0
1.12025 0.160669 0.160669 2 2 0
1.11959 0.159919 0.159919 2 2 0
1.11893 0.159169 0.159169 2 2 0
1.11826 0.158421 0.158421 2 2 0
1.1176 0.157673 0.157673 2 2 0
1.11693 0.156926 0.156926 2 2 0
1.11627 0.15618 0.15618 2 2 0
1.1156 0.155434 0.155434 2 2 0
1.11493 0.15469 0.15469 2 2 0
1.11427 0.153947 0.153947 2 2 0
1.1136 0.153204 0.153204 2 2 0
1.11293 0.152462 0.152462 2 2 0
1.11225 0.151721 0.151721 2 2 0
1.11158 0.150981 0.150981 2 2 0
1.11091 0.150242 0.150242 2 2 0
1.11023 0.149504 0.149504 2 2 0
1.10956 0.148766 0.148766 2 2 0
1.10888 0.148029 0.148029 2 2 0
1.1082 0.147293 0.147293 2 2 0
1.10753 0.146558 0.146558 2 2 0
1.10685 0.145824 0.145824 2 2 0
1.10617 0.145091 0.145091 2 2 0
1.10549 0.144358 0.144358 2 2 0
1.10481 0.143627 0.143627 2 2 0
1.10412 0.142896 0.142896 2 2 0
1.10412 0.142896 0.142896 2 2 0
1.10276 0.141436 0.141436 2 2 0
1.10207 0.140708 0.140708 2 2 0
1.10138 0.13998 0.13998 2 2 0
1.1007 0.139253 0.139253 2 2 0
1.10001 0.138527 0.138527 2 2 0
1.09932 0.137802 0.137802 2 2 0
1.09863 0.137077 0.137077 2 2 0
1.09794 0.136354 0.136354 2 2 0
1.09725 0.135631 0.135631 2 2 0
1.09656 0.134909 0.134909 2 2 0
1.09587 0.134187 0.134187 2 2 0
1.09517 0.133466 0.133466 2 2 0
1.09448 0.132747 0.132747 2 2 0
1.09378 0.132027 0.132027 2 2 0
1.09309 0.131309 0.131309 2 2 0
1.09239 0.130591 0.130591 2 2 0
1.0917 0.129874 0.129874 2 2 0
1.091 0.129158 0.129158 2 2 0
1.0903 0.128443 0.128443 2 2 0
1.0896 0.127728 0.127728 2 2 0
1.0889 0.127014 0.127014 2 2 0
1.0882 0.1263 0.1263 2 2 0
1.0875 0.125588 0.125588 2 2 0
1.0868 0.124876 0.124876 2 2 0
1.08609 0.124164 0.124164 2 2 0
1.08539 0.123454 0.123454 2 2 0
1.08468 0.122744 0.122744 2 2 0
1.08398 0.122035 0.122035 2 2 0
1.08327 0.121326 0.121326 2 2 0
1.08257 0.120618 0.120618 2 2 0
1.08186 0.119911 0.119911 2 2 0
1.08115 0.119204 0.119204 2 2 0
1.08045 0.118498 0.118498 2 2 0
1.07974 0.117792 0.117792 2 2 0
1.07903 0.117088 0.117088 2 2 0
1.07832 0.116383 0.116383 2 2 0
1.07761 0.11568 0.11568 2 2 0
1.0769 0.114977 0.114977 2 2 0
1.07618 0.114274 0.114274 2 2 0
1.07547 0.113572 0.113572 2 2 0
1.07476 0.112871 0.112871 2 2 0
1.07405 0.11217 0.11217 2 2 0
1.07333 0.11147 0.11147 2 2 0
1.07262 0.11077 0.11077 2 2 0
1.0719 0.110071 0.110071 2 2 0
1.07119 0.109372 0.109372 2 2 0
1.07047 0.108674 0.108674 2 2 0
1.06976 0.107976 0.107976 2 2 0
1.06904 0.107278 0.107278 2 2 0
1.06832 0.106582 0.106582 2 2 0
1.0676 0.105885 0.105885 2 2 0
1.06689 0.105189 0.105189 2 2 0
1.06617 0.104494 0.104494 2 2 0
1.06545 0.103798 0.103798 2 2 0
1.06473 0.103104 0.103104 2 2 0
1.06401 0.102409 0.102409 2 2 0
1.06329 0.101715 0.101715 2 2 0
1.06257 0.101022 0.101022 2 2 0
1.06185 0.100328 0.100328 2 2 0
1.06113 0.0996351 0.0996351 2 2 0
1.06041 0.0989424 0.0989424 2 2 0
1.05969 0.0982499 0.0982499 2 2 0
1.05896 0.0975577 0.0975577 2 2 0
1.05824 0.0968657 0.0968657 2 2 0
1.05752 0.096174 0.096174 2 2 0
1.0568 0.0954825 0.0954825 2 2 0
1.05607 0.0947912 0.0947912 2 2 0
1.05535 0.0941 0.0941 2 2 0
1.05463 0.093409 0.093409 2 2 0
1.05391 0.0927182 0.0927182 2 2 0
1.05318 0.0920274 0.0920274 2 2 0
1.05246 0.0913367 0.0913367 2 2 0
1.05174 0.0906461 0.0906461 2 2 0
1.05101 0.0899555 0.0899555 2 2 0
1.05029 0.0892649 0.0892649 2 2 0
1.04957 0.0885743 0.0885743 2 2 0
1.04884 0.0878837 0.0878837 2 2 0
1.04812 0.087193 0.087193 2 2 0
1.0474 0.0865022 0.0865022 2 2 0
1.04667 0.0858113 0.0858113 2 2 0
1.04595 0.0851202 0.0851202 2 2 0
1.04523 0.0844289 0.0844289 2 2 0
1.04451 0.0837375 0.0837375 2 2 0
1.04378 0.0830457 0.0830457 2 2 0
1.04306 0.0823537 0.0823537 2 2 0
1.04234 0.0816613 0.0816613 2 2 0
1.04162 0.0809686 0.0809686 2 2 0
1.0409 0.0802755 0.0802755 2 2 0
1.04018 0.079582 0.079582 2 2 0
1.03946 0.0788879 0.0788879 2 2 0
1.03874 0.0781933 0.0781933 2 2 0
1.03802 0.0774982 0.0774982 2 2 0
1.0373 0.0768024 0.0768024 2 2 0
1.03658 0.076106 0.076106 2 2 0
1.03587 0.0754089 0.0754089 2 2 0
1.03515 0.074711 0.074711 2 2 0
1.03444 0.0740122 0.0740122 2 2 0
1.03372 0.0733126 0.0733126 2 2 0
1.03301 0.072612 0.072612 2 2 0
1.0323 0.0719104 0.0719104 2 2 0
1.03158 0.0712078 0.0712078 2 2 0
1.03087 0.070504 0.070504 2 2 0
1.03016 0.069799 0.069799 2 2 0
1.02946 0.0690927 0.0690927 2 2 0
1.02875 0.0683851 0.0683851 2 2 0
1.02804 0.067676 0.067676 2 2 0
1.02734 0.0669654 0.0669654 2 2 0
1.02664 0.0662532 0.0662532 2 2 0
1.02594 0.0655393 0.0655393 2 2 0
1.02524 0.0648236 0.0648236 2 2 0
1.02454 0.0641059 0.0641059 2 2 0
1.02385 0.0633863 0.0633863 2 2 0
1.02316 0.0626645 0.0626645 2 2 0
1.02247 0.0619405 0.0619405 2 2 0
1.02178 0.0612141 0.0612141 2 2 0
1.0211 0.0604852 0.0604852 2 2 0
1.02041 0.0597537 0.0597537 2 2 0
1.01973 0.0590194 0.0590194 2 2 0
1.01906 0.0582822 0.0582822 2 2 0
1.01839 0.0575419 0.0575419 2 2 0
1.01772 0.0567983 0.0567983 2 2 0
1.01705 0.0560513 0.0560513 2 2 0
1.01639 0.0553007 0.0553007 2 2 0
1.01574 0.0545462 0.0545462 2 2 0
1.01508 0.0537878 0.0537878 2 2 0
1.01444 0.0530251 0.0530251 2 2 0
1.0138 0.0522579 0.0522579 2 2 0
1.01316 0.0514861 0.0514861 2 2 0
1.01253 0.0507092 0.0507092 2 2 0
1.01191 0.0499272 0.0499272 2 2 0
1.01129 0.0491396 0.0491396 2 2 0
1.01068 0.0483463 0.0483463 2 2 0
1.01008 0.0475468 0.0475468 2 2 0
1.00949 0.0467409 0.0467409 2 2 0
1.00891 0.0459283 0.0459283 2 2 0
1.00833 0.0451087 0.0451087 2 2 0
1.00777 0.0442816 0.0442816 2 2 0
1.00722 0.0434467 0.0434467 2 2 0
1.00668 0.0426038 0.0426038 2 2 0
1.00616 0.0417524 0.0417524 2 2 0
1.00565 0.0408922 0.0408922 2 2 0
1.00515 0.0400229 0.0400229 2 2 0
1.00467 0.0391442 0.0391442 2 2 0
1.00421 0.038256 0.038256 2 2 0
1.00377 0.0373579 0.0373579 2 2 0
1.00335 0.0364499 0.0364499 2 2 0
1.00296 0.035532 0.035532 2 2 0
1.00258 0.0346043 0.0346043 2 2 0
1.00223 0.0336669 0.0336669 2 2 0
1.00191 0.0327203 0.0327203 2 2 0
1.00161 0.0317648 0.0317648 2 2 0
1.00135 0.0308012 0.0308012 2 2 0
1.0011 0.0298301 0.0298301 2 2 0
1.00089 0.0288526 0.0288526 2 2 0
1.00071 0.0278694 0.0278694 2 2 0
1.00055 0.0268815 0.0268815 2 2 0
1.00042 0.02589 0.02589 2 2 0
1.00031 0.0248956 0.0248956 2 2 0
1.00022 0.0238992 0.0238992 2 2 0
1.00015 0.0229013 0.0229013 2 2 0
1.0001 0.0219026 0.0219026 2 2 0
1.00006 0.0209032 0.0209032 2 2 0
1.00003 0.0199036 0.0199036 2 2 0
1.00001 0.0189039 0.0189039 2 2 0
1.00001 0.0189039 0.0189039 2 2 0
1.25922 0.5 0.5 2 2 0
1.25922 0.501 0.501 2 2 0
1.25922 0.502 0.502 2 2 0
1.25921 0.503 0.503 2 2 0
1.2592 0.504 0.504 2 2 0
1.25919 0.505 0.505 2 2 0
1.25918 0.506 0.506 2 2 0
1.25917 0.507 0.507 2 2 0
1.25915 0.508 0.508 2 2 0
1.25913 0.508999 0.508999 2 2 0
1.25911 0.509999 0.509999 2 2 0
1.25909 0.510999 0.510999 2 2 0
1.25906 0.511999 0.511999 2 2 0
1.25903 0.512998 0.512998 2 2 0
1.259 0.513998 0.513998 2 2 0
1.25897 0.514997 0.514997 2 2 0
1.25894 0.515997 0.515997 2 2 0
1.2589 0.516996 0.516996 2 2 0
1.25886 0.517995 0.517995 2 2 0
1.25882 0.518994 0.518994 2 2 0
1.25877 0.519993 0.519993 2 2 0
1.25873 0.520992 0.520992 2 2 0
1.25868 0.521991 0.521991 2 2 0
1.25863 0.52299 0.52299 2 2 0
1.25858 0.523989 0.523989 2 2 0
1.25852 0.524987 0.524987 2 2 0
1.25847 0.525985 0.525985 2 2 0
1.25841 0.526984 0.526984 2 2 0
1.25835 0.527982 0.527982 2 2 0
1.25828 0.52898 0.52898 2 2 0
1.25822 0.529978 0.529978 2 2 0
1.25815 0.530975 0.530975 2 2 0
1.25808 0.531973 0.531973 2 2 0
1.25801 0.53297 0.53297 2 2 0
1.25793 0.533967 0.533967 2 2 0
1.25785 0.534964 0.534964 2 2 0
1.25778 0.535961 0.535961 2 2 0
1.25769 0.536958 0.536958 2 2 0
1.25761 0.537955 0.537955 2 2 0
1.25752 0.538951 0.538951 2 2 0
1.25744 0.539947 0.539947 2 2 0
1.25735 0.540943 0.540943 2 2 0
1.25725 0.541939 0.541939 2 2 0
1.25716 0.542934 0.542934 2 2 0
1.25706 0.543929 0.543929 2 2 0
1.25696 0.544925 0.544925 2 2 0
1.25686 0.545919 0.545919 2 2 0
1.25676 0.546914 0.546914 2 2 0
1.25665 0.547908 0.547908 2 2 0
1.25655 0.548903 0.548903 2 2 0
1.25644 0.549897 0.549897 2 2 0
1.25632 0.55089 0.55089 2 2 0
1.25621 0.551884 0.551884 2 2 0
1.25609 0.552877 0.552877 2 2 0
1.25597 0.55387 0.55387 2 2 0
1.25585 0.554862 0.554862 2 2 0
1.25573 0.555855 0.555855 2 2 0
1.2556 0.556847 0.556847 2 2 0
1.25548 0.557839 0.557839 2 2 0
1.25535 0.55883 0.55883 2 2 0
1.25521 0.559822 0.559822 2 2 0
1.25508 0.560812 0.560812 2 2 0
1.25494 0.561803 0.561803 2 2 0
1.2548 0.562793 0.562793 2 2 0
1.25466 0.563784 0.563784 2 2 0
1.25452 0.564773 0.564773 2 2 0
1.25438 0.565763 0.565763 2 2 0
1.25423 0.566752 0.566752 2 2 0
1.25408 0.567741 0.567741 2 2 0
1.25393 0.568729 0.568729 2 2 0
1.25377 0.569717 0.569717 2 2 0
1.25362 0.570705 0.570705 2 2 0
1.25346 0.571692 0.571692 2 2 0
1.2533 0.572679 0.572679 2 2 0
1.25314 0.573666 0.573666 2 2 0
1.25297 0.574652 0.574652 2 2 0
1.25281 0.575638 0.575638 2 2 0
1.25264 0.576624 0.576624 2 2 0
1.25247 0.577609 0.577609 2 2 0
1.25229 0.578594 0.578594 2 2 0
1.25212 0.579579 0.579579 2 2 0
1.25194 0.580563 0.580563 2 2 0
1.25176 0.581547 0.581547 2 2 0
1.25158 0.58253 0.58253 2 2 0
1.25139 0.583513 0.583513 2 2 0
1.25121 0.584495 0.584495 2 2 0
1.25102 0.585477 0.585477 2 2 0
1.25083 0.586459 0.586459 2 2 0
1.25064 0.58744 0.58744 2 2 0
1.25044 0.588421 0.588421 2 2 0
1.25024 0.589402 0.589402 2 2 0
1.25005 0.590382 0.590382 2 2 0
1.24985 0.591361 0.591361 2 2 0
1.24964 0.592341 0.592341 2 2 0
1.24944 0.593319 0.593319 2 2 0
1.24923 0.594297 0.594297 2 2 0
1.24902 0.595275 0.595275 2 2 0
1.24881 0.596253 0.596253 2 2 0
1.24859 0.59723 0.59723 2 2 0
1.24838 0.598206 0.598206 2 2 0
1.24816 0.599182 0.599182 2 2 0
1.24794 0.600157 0.600157 2 2 0
1.24772 0.601132 0.601132 2 2 0
1.24749 0.602107 0.602107 2 2 0
1.24727 0.603081 0.603081 2 2 0
1.24704 0.604055 0.604055 2 2 0
1.24681 0.605028 0.605028 2 2 0
1.24658 0.606 0.606 2 2 0
1.24634 0.606972 0.606972 2 2 0
1.2461 0.607944 0.607944 2 2 0
1.24587 0.608915 0.608915 2 2 0
1.24562 0.609885 0.609885 2 2 0
1.24538 0.610855 0.610855 2 2 0
1.24514 0.611825 0.611825 2 2 0
1.24489 0.612794 0.612794 2 2 0
1.24464 0.613762 0.613762 2 2 0
1.24439 0.61473 0.61473 2 2 0
1.24413 0.615698 0.615698 2 2 0
1.24388 0.616664 0.616664 2 2 0
1.24362 0.617631 0.617631 2 2 0
1.24336 0.618596 0.618596 2 2 0
1.2431 0.619562 0.619562 2 2 0
1.24284 0.620526 0.620526 2 2 0
1.24257 0.62149 0.62149 2 2 0
1.2423 0.622454 0.622454 2 2 0
1.24203 0.623417 0.623417 2 2 0
1.24176 0.624379 0.624379 2 2 0
1.24149 0.625341 0.625341 2 2 0
1.24121 0.626302 0.626302 2 2 0
1.24093 0.627263 0.627263 2 2 0
1.24065 0.628223 0.628223 2 2 0
1.24037 0.629182 0.629182 2 2 0
1.24009 0.630141 0.630141 2 2 0
1.2398 0.631099 0.631099 2 2 0
1.23951 0.632057 0.632057 2 2 0
1.23922 0.633014 0.633014 2 2 0
1.23893 0.63397 0.63397 2 2 0
1.23864 0.634926 0.634926 2 2 0
1.23834 0.635881 0.635881 2 2 0
1.23804 0.636836 0.636836 2 2 0
1.23774 0.63779 0.63779 2 2 0
1.23744 0.638743 0.638743 2 2 0
1.23714 0.639696 0.639696 2 2 0
1.23683 0.640648 0.640648 2 2 0
1.23652 0.641599 0.641599 2 2 0
1.23621 0.64255 0.64255 2 2 0
1.2359 0.6435 0.6435 2 2 0
1.23559 0.644449 0.644449 2 2 0
1.23527 0.645398 0.645398 2 2 0
1.23495 0.646346 0.646346 2 2 0
1.23464 0.647294 0.647294 2 2 0
1.23431 0.648241 0.648241 2 2 0
1.23399 0.649187 0.649187 2 2 0
1.23366 0.650132 0.650132 2 2 0
1.23334 0.651077 0.651077 2 2 0
1.23301 0.652021 0.652021 2 2 0
1.23268 0.652965 0.652965 2 2 0
1.23234 0.653908 0.653908 2 2 0
1.23201 0.65485 0.65485 2 2 0
1.23167 0.655791 0.655791 2 2 0
1.23133 0.656732 0.656732 2 2 0
1.23099 0.657672 0.657672 2 2 0
1.23065 0.658611 0.658611 2 2 0
1.2303 0.65955 0.65955 2 2 0
1.22995 0.660488 0.660488 2 2 0
1.22961 0.661425 0.661425 2 2 0
1.22925 0.662361 0.662361 2 2 0
1.2289 0.663297 0.663297 2 2 0
1.22855 0.664232 0.664232 2 2 0
1.22819 0.665167 0.665167 2 2 0
1.22783 0.6661 0.6661 2 2 0
1.22747 0.667033 0.667033 2 2 0
1.22711 0.667965 0.667965 2 2 0
1.22675 0.668897 0.668897 2 2 0
1.22638 0.669827 0.669827 2 2 0
1.22601 0.670757 0.670757 2 2 0
1.22564 0.671687 0.671687 2 2 0
1.22527 0.672615 0.672615 2 2 0
1.2249 0.673543 0.673543 2 2 0
1.22452 0.67447 0.67447 2 2 0
1.22415 0.675396 0.675396 2 2 0
1.22377 0.676321 0.676321 2 2 0
1.22339 0.677246 0.677246 2 2 0
1.22301 0.67817 0.67817 2 2 0
1.22262 0.679093 0.679093 2 2 0
1.22223 0.680016 0.680016 2 2 0
1.22185 0.680937 0.680937 2 2 0
1.22146 0.681858 0.681858 2 2 0
1.22107 0.682778 0.682778 2 2 0
1.22067 0.683698 0.683698 2 2 0
1.22028 0.684616 0.684616 2 2 0
1.21988 0.685534 0.685534 2 2 0
1.21948 0.686451 0.686451 2 2 0
1.21908 0.687367 0.687367 2 2 0
1.21868 0.688282 0.688282 2 2 0
1.21827 0.689197 0.689197 2 2 0
1.21787 0.690111 0.690111 2 2 0
1.21746 0.691024 0.691024 2 2 0
1.21705 0.691936 0.691936 2 2 0
1.21664 0.692847 0.692847 2 2 0
1.21581 0.694668 0.694668 2 2 0
1.21539 0.695577 0.695577 2 2 0
1.21497 0.696485 0.696485 2 2 0
1.21455 0.697392 0.697392 2 2 0
1.21413 0.698299 0.698299 2 2 0
1.21371 0.699205 0.699205 2 2 0
1.21328 0.70011 0.70011 2 2 0
1.21285 0.701014 0.701014 2 2 0
1.21242 0.701917 0.701917 2 2 0
1.21199 0.702819 0.702819 2 2 0
1.21156 0.703721 0.703721 2 2 0
1.21113 0.704622 0.704622 2 2 0
1.21069 0.705521 0.705521 2 2 0
1.21025 0.706421 0.706421 2 2 0
1.20981 0.707319 0.707319 2 2 0
1.20937 0.708216 0.708216 2 2 0
1.20893 0.709113 0.709113 2 2 0
1.20848 0.710008 0.710008 2 2 0
1.20804 0.710903 0.710903 2 2 0
1.20759 0.711797 0.711797 2 2 0
1.20714 0.71269 0.71269 2 2 0
1.20669 0.713583 0.713583 2 2 0
1.20624 0.714474 0.714474 2 2 0
1.20578 0.715365 0.715365 2 2 0
1.20532 0.716255 0.716255 2 2 0
1.20487 0.717143 0.717143 2 2 0
1.20441 0.718031 0.718031 2 2 0
1.20395 0.718919 0.718919 2 2 0
1.20348 0.719805 0.719805 2 2 0
1.20302 0.72069 0.72069 2 2 0
1.20255 0.721575 0.721575 2 2 0
1.20208 0.722458 0.722458 2 2 0
1.20161 0.723341 0.723341 2 2 0
1.20114 0.724223 0.724223 2 2 0
1.20067 0.725104 0.725104 2 2 0
1.20019 0.725984 0.725984 2 2 0
1.19972 0.726863 0.726863 2 2 0
1.19924 0.727742 0.727742 2 2 0
1.19876 0.728619 0.728619 2 2 0
1.19828 0.729496 0.729496 2 2 0
1.1978 0.730372 0.730372 2 2 0
1.19731 0.731246 0.731246 2 2 0
1.19682 0.73212 0.73212 2 2 0
1.19634 0.732993 0.732993 2 2 0
1.19585 0.733866 0.733866 2 2 0
1.19536 0.734737 0.734737 2 2 0
1.19486 0.735607 0.735607 2 2 0
1.19437 0.736477 0.736477 2 2 0
1.19388 0.737345 0.737345 2 2 0
1.19338 0.738213 0.738213 2 2 0
1.19288 0.73908 0.73908 2 2 0
1.19238 0.739945 0.739945 2 2 0
1.19188 0.74081 0.74081 2 2 0
1.19137 0.741674 0.741674 2 2 0
1.19087 0.742538 0.742538 2 2 0
1.19036 0.7434 0.7434 2 2 0
1.18985 0.744261 0.744261 2 2 0
1.18934 0.745121 0.745121 2 2 0
1.18883 0.745981 0.745981 2 2 0
1.18832 0.746839 0.746839 2 2 0
1.18781 0.747697 0.747697 2 2 0
1.18729 0.748554 0.748554 2 2 0
1.18677 0.74941 0.74941 2 2 0
1.18625 0.750265 0.750265 2 2 0
1.18573 0.751119 0.751119 2 2 0
1.18521 0.751972 0.751972 2 2 0
1.18469 0.752824 0.752824 2 2 0
1.18416 0.753675 0.753675 2 2 0
1.18364 0.754525 0.754525 2 2 0
1.18311 0.755375 0.755375 2 2 0
1.18258 0.756223 0.756223 2 2 0
1.18205 0.75707 0.75707 2 2 0
1.18152 0.757917 0.757917 2 2 0
1.18098 0.758763 0.758763 2 2 0
1.18045 0.759607 0.759607 2 2 0
1.17991 0.760451 0.760451 2 2 0
1.17937 0.761294 0.761294 2 2 0
1.17883 0.762136 0.762136 2 2 0
1.17829 0.762977 0.762977 2 2 0
1.17775 0.763817 0.763817 2 2 0
1.17721 0.764656 0.764656 2 2 0
1.17666 0.765494 0.765494 2 2 0
1.17611 0.766331 0.766331 2 2 0
1.17557 0.767168 0.767168 2 2 0
1.17502 0.768003 0.768003 2 2 0
1.17446 0.768837 0.768837 2 2 0
1.17391 0.769671 0.769671 2 2 0
1.17336 0.770503 0.770503 2 2 0
1.1728 0.771335 0.771335 2 2 0
1.17225 0.772166 0.772166 2 2 0
1.17169 0.772995 0.772995 2 2 0
1.17113 0.773824 0.773824 2 2 0
1.17057 0.774652 0.774652 2 2 0
1.17 0.775479 0.775479 2 2 0
1.16944 0.776305 0.776305 2 2 0
1.16888 0.77713 0.77713 2 2 0
1.16831 0.777954 0.777954 2 2 0
1.16774 0.778777 0.778777 2 2 0
1.16717 0.779599 0.779599 2 2 0
1.1666 0.78042 0.78042 2 2 0
1.16603 0.781241 0.781241 2 2 0
1.16546 0.78206 0.78206 2 2 0
1.16488 0.782878 0.782878 2 2 0
1.16431 0.783696 0.783696 2 2 0
1.16373 0.784512 0.784512 2 2 0
1.16315 0.785328 0.785328 2 2 0
1.16257 0.786142 0.786142 2 2 0
1.16199 0.786956 0.786956 2 2 0
1.16141 0.787769 0.787769 2 2 0
1.16082 0.78858 0.78858 2 2 0
1.16024 0.789391 0.789391 2 2 0
1.15965 0.790201 0.790201 2 2 0
1.15906 0.79101 0.79101 2 2 0
1.15847 0.791818 0.791818 2 2 0
1.15788 0.792625 0.792625 2 2 0
1.15729 0.793431 0.793431 2 2 0
1.1567 0.794236 0.794236 2 2 0
1.1561 0.79504 0.79504 2 2 0
1.15551 0.795843 0.795843 2 2 0
1.15491 0.796646 0.796646 2 2 0
1.15431 0.797447 0.797447 2 2 0
1.15371 0.798247 0.798247 2 2 0
1.15311 0.799047 0.799047 2 2 0
1.15251 0.799845 0.799845 2 2 0
1.15191 0.800643 0.800643 2 2 0
1.1513 0.80144 0.80144 2 2 0
1.1507 0.802235 0.802235 2 2 0
1.15009 0.80303 0.80303 2 2 0
1.14948 0.803824 0.803824 2 2 0
1.14887 0.804616 0.804616 2 2 0
1.14826 0.805408 0.805408 2 2 0
1.14765 0.806199 0.806199 2 2 0
1.14704 0.806989 0.806989 2 2 0
1.14642 0.807778 0.807778 2 2 0
1.14581 0.808566 0.808566 2 2 0
1.14519 0.809354 0.809354 2 2 0
1.14457 0.81014 0.81014 2 2 0
1.14395 0.810925 0.810925 2 2 0
1.14333 0.811709 0.811709 2 2 0
1.14271 0.812493 0.812493 2 2 0
1.14209 0.813275 0.813275 2 2 0
1.14146 0.814057 0.814057 2 2 0
1.14084 0.814837 0.814837 2 2 0
1.14021 0.815617 0.815617 2 2 0
1.13958 0.816396 0.816396 2 2 0
1.13896 0.817174 0.817174 2 2 0
1.13833 0.817951 0.817951 2 2 0
1.1377 0.818727 0.818727 2 2 0
1.13706 0.819502 0.819502 2 2 0
1.13643 0.820276 0.820276 2 2 0
1.1358 0.821049 0.821049 2 2 0
1.13516 0.821821 0.821821 2 2 0
1.13452 0.822592 0.822592 2 2 0
1.13389 0.823363 0.823363 2 2 0
1.13325 0.824132 0.824132 2 2 0
1.13261 0.824901 0.824901 2 2 0
1.13197 0.825668 0.825668 2 2 0
1.13133 0.826435 0.826435 2 2 0
1.13068 0.827201 0.827201 2 2 0
1.13004 0.827966 0.827966 2 2 0
1.12939 0.82873 0.82873 2 2 0
1.12875 0.829493 0.829493 2 2 0
1.1281 0.830255 0.830255 2 2 0
1.12745 0.831016 0.831016 2 2 0
1.1268 0.831777 0.831777 2 2 0
1.12615 0.832536 0.832536 2 2 0
1.1255 0.833295 0.833295 2 2 0
1.12485 0.834052 0.834052 2 2 0
1.12419 0.834809 0.834809 2 2 0
1.12354 0.835565 0.835565 2 2 0
1.12288 0.83632 0.83632 2 2 0
1.12223 0.837074 0.837074 2 2 0
1.12157 0.837827 0.837827 2 2 0
1.12091 0.838579 0.838579 2 2 0
1.12025 0.839331 0.839331 2 2 0
1.11959 0.840081 0.840081 2 2 0
1.11893 0.840831 0.840831 2 2 0
1.11826 0.841579 0.841579 2 2 0
1.1176 0.842327 0.842327 2 2 0
1.11693 0.843074 0.843074 2 2 0
1.11627 0.84382 0.84382 2 2 0
1.1156 0.844566 0.844566 2 2 0
1.11493 0.84531 0.84531 2 2 0
1.11427 0.846053 0.846053 2 2 0
1.1136 0.846796 0.846796 2 2 0
1.11293 0.847538 0.847538 2 2 0
1.11225 0.848279 0.848279 2 2 0
1.11158 0.849019 0.849019 2 2 0
1.11091 0.849758 0.849758 2 2 0
1.11023 0.850496 0.850496 2 2 0
1.10956 0.851234 0.851234 2 2 0
1.10888 0.851971 0.851971 2 2 0
1.1082 0.852707 0.852707 2 2 0
1.10753 0.853442 0.853442 2 2 0
1.10685 0.854176 0.854176 2 2 0
1.10617 0.854909 0.854909 2 2 0
1.10549 0.855642 0.855642 2 2 0
1.10481 0.856373 0.856373 2 2 0
1.10412 0.857104 0.857104 2 2 0
1.10412 0.857104 0.857104 2 2 0
1.10276 0.858564 0.858564 2 2 0
1.10207 0.859292 0.859292 2 2 0
1.10138 0.86002 0.86002 2 2 0
1.1007 0.860747 0.860747 2 2 0
1.10001 0.861473 0.861473 2 2 0
1.09932 0.862198 0.862198 2 2 0
1.09863 0.862923 0.862923 2 2 0
1.09794 0.863646 0.863646 2 2 0
1.09725 0.864369 0.864369 2 2 0
1.09656 0.865091 0.865091 2 2 0
1.09587 0.865813 0.865813 2 2 0
1.09517 0.866534 0.866534 2 2 0
1.09448 0.867253 0.867253 2 2 0
1.09378 0.867973 0.867973 2 2 0
1.09309 0.868691 0.868691 2 2 0
1.09239 0.869409 0.869409 2 2 0
1.0917 0.870126 0.870126 2 2 0
1.091 0.870842 0.870842 2 2 0
1.0903 0.871557 0.871557 2 2 0
1.0896 0.872272 0.872272 2 2 0
1.0889 0.872986 0.872986 2 2 0
1.0882 0.8737 0.8737 2 2 0
1.0875 0.874412 0.874412 2 2 0
1.0868 0.875124 0.875124 2 2 0
1.08609 0.875836 0.875836 2 2 0
1.08539 0.876546 0.876546 2 2 0
1.08468 0.877256 0.877256 2 2 0
1.08398 0.877965 0.877965 2 2 0
1.08327 0.878674 0.878674 2 2 0
1.08257 0.879382 0.879382 2 2 0
1.08186 0.880089 0.880089 2 2 0
1.08115 0.880796 0.880796 2 2 0
1.08045 0.881502 0.881502 2 2 0
1.07974 0.882208 0.882208 2 2 0
1.07903 0.882912 0.882912 2 2 0
1.07832 0.883617 0.883617 2 2 0
1.07761 0.88432 0.88432 2 2 0
1.0769 0.885023 0.885023 2 2 0
1.07618 0.885726 0.885726 2 2 0
1.07547 0.886428 0.886428 2 2 0
1.07476 0.887129 0.887129 2 2 0
1.07405 0.88783 0.88783 2 2 0
1.07333 0.88853 0.88853 2 2 0
1.07262 0.88923 0.88923 2 2 0
1.0719 0.889929 0.889929 2 2 0
1.07119 0.890628 0.890628 2 2 0
1.07047 0.891326 0.891326 2 2 0
1.06976 0.892024 0.892024 2 2 0
1.06904 0.892722 0.892722 2 2 0
1.06832 0.893418 0.893418 2 2 0
1.0676 0.894115 0.894115 2 2 0
1.06689 0.894811 0.894811 2 2 0
1.06617 0.895506 0.895506 2 2 0
1.06545 0.896202 0.896202 2 2 0
1.06473 0.896896 0.896896 2 2 0
1.06401 0.897591 0.897591 2 2 0
1.06329 0.898285 0.898285 2 2 0
1.06257 0.898978 0.898978 2 2 0
1.06185 0.899672 0.899672 2 2 0
1.06113 0.900365 0.900365 2 2 0
1.06041 0.901058 0.901058 2 2 0
1.05969 0.90175 0.90175 2 2 0
1.05896 0.902442 0.902442 2 2 0
1.05824 0.903134 0.903134 2 2 0
1.05752 0.903826 0.903826 2 2 0
1.0568 0.904517 0.904517 2 2 0
1.05607 0.905209 0.905209 2 2 0
1.05535 0.9059 0.9059 2 2 0
1.05463 0.906591 0.906591 2 2 0
1.05391 0.907282 0.907282 2 2 0
1.05318 0.907973 0.907973 2 2 0
1.05246 0.908663 0.908663 2 2 0
1.05174 0.909354 0.909354 2 2 0
1.05101 0.910045 0.910045 2 2 0
1.05029 0.910735 0.910735 2 2 0
1.04957 0.911426 0.911426 2 2 0
1.04884 0.912116 0.912116 2 2 0
1.04812 0.912807 0.912807 2 2 0
1.0474 0.913498 0.913498 2 2 0
1.04667 0.914189 0.914189 2 2 0
1.04595 0.91488 0.91488 2 2 0
1.04523 0.915571 0.915571 2 2 0
1.04451 0.916263 0.916263 2 2 0
1.04378 0.916954 0.916954 2 2 0
1.04306 0.917646 0.917646 2 2 0
1.04234 0.918339 0.918339 2 2 0
1.04162 0.919031 0.919031 2 2 0
1.0409 0.919724 0.919724 2 2 0
1.04018 0.920418 0.920418 2 2 0
1.03946 0.921112 0.921112 2 2 0
1.03874 0.921807 0.921807 2 2 0
1.03802 0.922502 0.922502 2 2 0
1.0373 0.923198 0.923198 2 2 0
1.03658 0.923894 0.923894 2 2 0
1.03587 0.924591 0.924591 2 2 0
1.03515 0.925289 0.925289 2 2 0
1.03444 0.925988 0.925988 2 2 0
1.03372 0.926687 0.926687 2 2 0
1.03301 0.927388 0.927388 2 2 0
1.0323 0.92809 0.92809 2 2 0
1.03158 0.928792 0.928792 2 2 0
1.03087 0.929496 0.929496 2 2 0
1.03016 0.930201 0.930201 2 2 0
1.02946 0.930907 0.930907 2 2 0
1.02875 0.931615 0.931615 2 2 0
1.02804 0.932324 0.932324 2 2 0
1.02734 0.933035 0.933035 2 2 0
1.02664 0.933747 0.933747 2 2 0
1.02594 0.934461 0.934461 2 2 0
1.02524 0.935176 0.935176 2 2 0
1.02454 0.935894 0.935894 2 2 0
1.02385 0.936614 0.936614 2 2 0
1.02316 0.937336 0.937336 2 2 0
1.02247 0.93806 0.93806 2 2 0
1.02178 0.938786 0.938786 2 2 0
1.0211 0.939515 0.939515 2 2 0
1.02041 0.940246 0.940246 2 2 0
1.01973 0.940981 0.940981 2 2 0
1.01906 0.941718 0.941718 2 2 0
1.01839 0.942458 0.942458 2 2 0
1.01772 0.943202 0.943202 2 2 0
1.01705 0.943949 0.943949 2 2 0
1.01639 0.944699 0.944699 2 2 0
1.01574 0.945454 0.945454 2 2 0
1.01508 0.946212 0.946212 2 2 0
1.01444 0.946975 0.946975 2 2 0
1.0138 0.947742 0.947742 2 2 0
1.01316 0.948514 0.948514 2 2 0
1.01253 0.949291 0.949291 2 2 0
1.01191 0.950073 0.950073 2 2 0
1.01129 0.95086 0.95086 2 2 0
1.01068 0.951654 0.951654 2 2 0
1.01008 0.952453 0.952453 2 2 0
1.00949 0.953259 0.953259 2 2 0
1.00891 0.954072 0.954072 2 2 0
1.00833 0.954891 0.954891 2 2 0
1.00777 0.955718 0.955718 2 2 0
1.00722 0.956553 0.956553 2 2 0
1.00668 0.957396 0.957396 2 2 0
1.00616 0.958248 0.958248 2 2 0
1.00565 0.959108 0.959108 2 2 0
1.00515 0.959977 0.959977 2 2 0
1.00467 0.960856 0.960856 2 2 0
1.00421 0.961744 0.961744 2 2 0
1.00377 0.962642 0.962642 2 2 0
1.00335 0.96355 0.96355 2 2 0
1.00296 0.964468 0.964468 2 2 0
1.00258 0.965396 0.965396 2 2 0
1.00223 0.966333 0.966333 2 2 0
1.00191 0.96728 0.96728 2 2 0
1.00161 0.968235 0.968235 2 2 0
1.00135 0.969199 0.969199 2 2 0
1.0011 0.97017 0.97017 2 2 0
1.00089 0.971147 0.971147 2 2 0
1.00071 0.972131 0.972131 2 2 0
1.00055 0.973118 0.973118 2 2 0
1.00042 0.97411 0.97411 2 2 0
1.00031 0.975104 0.975104 2 2 0
1.00022 0.976101 0.976101 2 2 0
1.00015 0.977099 0.977099 2 2 0
1.0001 0.978097 0.978097 2 2 0
1.00006 0.979097 0.979097 2 2 0
1.00003 0.980096 0.980096 2 2 0
1.00001 0.981096 0.981096 2 2 0
1.00001 0.981096 0.981096 2 2 0
